step = 112464, norm = 1.68261e-11
Vec Object: 4 MPI processes
  type: mpi
Process [0]
1.79785
1.79785
1.79784
1.79782
1.79778
1.79772
1.79763
1.7975
1.79733
1.79711
1.79683
1.7965
1.7961
1.79564
1.7951
1.79448
1.79379
1.793
1.79214
1.79118
1.79013
1.78898
1.78773
1.78639
1.78495
1.78341
Process [1]
1.78177
1.78003
1.77819
1.77625
1.77422
1.77208
1.76986
1.76755
1.76515
1.76266
1.76009
1.75745
1.75473
1.75195
1.7491
1.74619
1.74323
1.74022
1.73717
1.73408
1.73096
1.72782
1.72465
1.72148
1.7183
Process [2]
1.71511
1.71194
1.70878
1.70563
1.70251
1.69942
1.69637
1.69336
1.6904
1.68749
1.68464
1.68186
1.67914
1.6765
1.67393
1.67145
1.66904
1.66673
1.66451
1.66238
1.66034
1.6584
1.65656
1.65482
1.65318
Process [3]
1.65164
1.6502
1.64886
1.64761
1.64647
1.64542
1.64446
1.64359
1.64281
1.64211
1.6415
1.64096
1.64049
1.64009
1.63976
1.63949
1.63927
1.63909
1.63896
1.63887
1.63881
1.63877
1.63875
1.63874
1.63874
