step = 40026244, norm = 2.43026e-06
Vec Object: 16 MPI processes
  type: mpi
Process [0]
1.79757
1.79757
1.79757
1.79757
1.79757
1.79757
1.79757
1.79757
1.79757
1.79757
1.79757
1.79757
1.79757
1.79757
1.79757
1.79757
1.79757
1.79757
1.79757
1.79757
1.79757
1.79757
1.79757
1.79757
1.79757
1.79757
1.79757
1.79757
1.79757
1.79757
1.79757
1.79757
1.79757
1.79757
1.79757
1.79757
1.79757
1.79757
1.79757
1.79757
1.79757
1.79757
1.79757
1.79757
1.79757
1.79757
1.79757
1.79757
1.79757
1.79757
1.79757
1.79757
1.79757
1.79757
1.79757
1.79757
1.79757
1.79757
1.79757
1.79757
1.79757
1.79757
1.79757
1.79757
1.79757
1.79757
1.79757
1.79757
1.79757
1.79757
1.79757
1.79757
1.79757
1.79757
1.79757
1.79757
1.79757
1.79757
1.79757
1.79757
1.79757
1.79757
1.79757
1.79757
1.79757
1.79757
1.79757
1.79757
1.79757
1.79757
1.79757
1.79757
1.79757
1.79757
1.79757
1.79757
1.79757
1.79757
1.79757
1.79757
1.79757
1.79757
1.79757
1.79757
1.79757
1.79756
1.79756
1.79756
1.79756
1.79756
1.79756
1.79756
1.79756
1.79756
1.79756
1.79756
1.79756
1.79756
1.79756
1.79756
1.79756
1.79756
1.79756
1.79756
1.79756
1.79756
1.79756
1.79756
1.79756
1.79756
1.79756
1.79756
1.79756
1.79756
1.79755
1.79755
1.79755
1.79755
1.79755
1.79755
1.79755
1.79755
1.79755
1.79755
1.79755
1.79755
1.79755
1.79755
1.79755
1.79755
1.79755
1.79755
1.79755
1.79755
1.79754
1.79754
1.79754
1.79754
1.79754
1.79754
1.79754
1.79754
1.79754
1.79754
1.79754
1.79754
1.79754
1.79754
1.79754
1.79754
1.79753
1.79753
1.79753
1.79753
1.79753
1.79753
1.79753
1.79753
1.79753
1.79753
1.79753
1.79753
1.79753
1.79752
1.79752
1.79752
1.79752
1.79752
1.79752
1.79752
1.79752
1.79752
1.79752
1.79752
1.79752
1.79751
1.79751
1.79751
1.79751
1.79751
1.79751
1.79751
1.79751
1.79751
1.79751
1.7975
1.7975
1.7975
1.7975
1.7975
1.7975
1.7975
1.7975
1.7975
1.79749
1.79749
1.79749
1.79749
1.79749
1.79749
1.79749
1.79749
1.79749
1.79748
1.79748
1.79748
1.79748
1.79748
1.79748
1.79748
1.79748
1.79747
1.79747
1.79747
1.79747
1.79747
1.79747
1.79747
1.79746
1.79746
1.79746
1.79746
1.79746
1.79746
1.79746
1.79745
1.79745
1.79745
1.79745
1.79745
1.79745
1.79745
1.79744
1.79744
1.79744
1.79744
1.79744
1.79744
1.79743
1.79743
1.79743
1.79743
1.79743
1.79743
1.79742
1.79742
1.79742
1.79742
1.79742
1.79742
1.79741
1.79741
1.79741
1.79741
1.79741
1.79741
1.7974
1.7974
1.7974
1.7974
1.7974
1.79739
1.79739
1.79739
1.79739
1.79739
1.79738
1.79738
1.79738
1.79738
1.79738
1.79737
1.79737
1.79737
1.79737
1.79737
1.79736
1.79736
1.79736
1.79736
1.79735
1.79735
1.79735
1.79735
1.79735
1.79734
1.79734
1.79734
1.79734
1.79733
1.79733
1.79733
1.79733
Process [1]
1.79732
1.79732
1.79732
1.79732
1.79731
1.79731
1.79731
1.79731
1.7973
1.7973
1.7973
1.7973
1.79729
1.79729
1.79729
1.79729
1.79728
1.79728
1.79728
1.79728
1.79727
1.79727
1.79727
1.79727
1.79726
1.79726
1.79726
1.79725
1.79725
1.79725
1.79725
1.79724
1.79724
1.79724
1.79723
1.79723
1.79723
1.79723
1.79722
1.79722
1.79722
1.79721
1.79721
1.79721
1.7972
1.7972
1.7972
1.79719
1.79719
1.79719
1.79718
1.79718
1.79718
1.79718
1.79717
1.79717
1.79717
1.79716
1.79716
1.79716
1.79715
1.79715
1.79714
1.79714
1.79714
1.79713
1.79713
1.79713
1.79712
1.79712
1.79712
1.79711
1.79711
1.79711
1.7971
1.7971
1.7971
1.79709
1.79709
1.79708
1.79708
1.79708
1.79707
1.79707
1.79707
1.79706
1.79706
1.79705
1.79705
1.79705
1.79704
1.79704
1.79703
1.79703
1.79703
1.79702
1.79702
1.79701
1.79701
1.79701
1.797
1.797
1.79699
1.79699
1.79698
1.79698
1.79698
1.79697
1.79697
1.79696
1.79696
1.79695
1.79695
1.79695
1.79694
1.79694
1.79693
1.79693
1.79692
1.79692
1.79691
1.79691
1.79691
1.7969
1.7969
1.79689
1.79689
1.79688
1.79688
1.79687
1.79687
1.79686
1.79686
1.79685
1.79685
1.79684
1.79684
1.79683
1.79683
1.79682
1.79682
1.79681
1.79681
1.7968
1.7968
1.79679
1.79679
1.79678
1.79678
1.79677
1.79677
1.79676
1.79676
1.79675
1.79675
1.79674
1.79674
1.79673
1.79673
1.79672
1.79672
1.79671
1.7967
1.7967
1.79669
1.79669
1.79668
1.79668
1.79667
1.79667
1.79666
1.79665
1.79665
1.79664
1.79664
1.79663
1.79663
1.79662
1.79661
1.79661
1.7966
1.7966
1.79659
1.79659
1.79658
1.79657
1.79657
1.79656
1.79656
1.79655
1.79654
1.79654
1.79653
1.79652
1.79652
1.79651
1.79651
1.7965
1.79649
1.79649
1.79648
1.79647
1.79647
1.79646
1.79646
1.79645
1.79644
1.79644
1.79643
1.79642
1.79642
1.79641
1.7964
1.7964
1.79639
1.79638
1.79638
1.79637
1.79636
1.79636
1.79635
1.79634
1.79634
1.79633
1.79632
1.79632
1.79631
1.7963
1.79629
1.79629
1.79628
1.79627
1.79627
1.79626
1.79625
1.79624
1.79624
1.79623
1.79622
1.79622
1.79621
1.7962
1.79619
1.79619
1.79618
1.79617
1.79616
1.79616
1.79615
1.79614
1.79613
1.79613
1.79612
1.79611
1.7961
1.7961
1.79609
1.79608
1.79607
1.79606
1.79606
1.79605
1.79604
1.79603
1.79602
1.79602
1.79601
1.796
1.79599
1.79598
1.79598
1.79597
1.79596
1.79595
1.79594
1.79594
1.79593
1.79592
1.79591
1.7959
1.79589
1.79589
1.79588
1.79587
1.79586
1.79585
1.79584
1.79584
1.79583
1.79582
1.79581
1.7958
1.79579
1.79578
1.79577
1.79577
1.79576
1.79575
1.79574
1.79573
1.79572
1.79571
1.7957
1.79569
1.79569
1.79568
1.79567
1.79566
1.79565
1.79564
1.79563
1.79562
1.79561
Process [2]
1.7956
1.79559
1.79558
1.79558
1.79557
1.79556
1.79555
1.79554
1.79553
1.79552
1.79551
1.7955
1.79549
1.79548
1.79547
1.79546
1.79545
1.79544
1.79543
1.79542
1.79541
1.7954
1.79539
1.79538
1.79537
1.79536
1.79535
1.79534
1.79533
1.79532
1.79531
1.7953
1.79529
1.79528
1.79527
1.79526
1.79525
1.79524
1.79523
1.79522
1.79521
1.7952
1.79519
1.79518
1.79517
1.79516
1.79515
1.79514
1.79512
1.79511
1.7951
1.79509
1.79508
1.79507
1.79506
1.79505
1.79504
1.79503
1.79502
1.79501
1.79499
1.79498
1.79497
1.79496
1.79495
1.79494
1.79493
1.79492
1.79491
1.79489
1.79488
1.79487
1.79486
1.79485
1.79484
1.79483
1.79481
1.7948
1.79479
1.79478
1.79477
1.79476
1.79474
1.79473
1.79472
1.79471
1.7947
1.79469
1.79467
1.79466
1.79465
1.79464
1.79463
1.79461
1.7946
1.79459
1.79458
1.79456
1.79455
1.79454
1.79453
1.79452
1.7945
1.79449
1.79448
1.79447
1.79445
1.79444
1.79443
1.79442
1.7944
1.79439
1.79438
1.79437
1.79435
1.79434
1.79433
1.79431
1.7943
1.79429
1.79428
1.79426
1.79425
1.79424
1.79422
1.79421
1.7942
1.79419
1.79417
1.79416
1.79415
1.79413
1.79412
1.79411
1.79409
1.79408
1.79407
1.79405
1.79404
1.79403
1.79401
1.794
1.79398
1.79397
1.79396
1.79394
1.79393
1.79392
1.7939
1.79389
1.79387
1.79386
1.79385
1.79383
1.79382
1.7938
1.79379
1.79378
1.79376
1.79375
1.79373
1.79372
1.79371
1.79369
1.79368
1.79366
1.79365
1.79363
1.79362
1.7936
1.79359
1.79358
1.79356
1.79355
1.79353
1.79352
1.7935
1.79349
1.79347
1.79346
1.79344
1.79343
1.79341
1.7934
1.79338
1.79337
1.79335
1.79334
1.79332
1.79331
1.79329
1.79328
1.79326
1.79325
1.79323
1.79322
1.7932
1.79318
1.79317
1.79315
1.79314
1.79312
1.79311
1.79309
1.79308
1.79306
1.79304
1.79303
1.79301
1.793
1.79298
1.79296
1.79295
1.79293
1.79292
1.7929
1.79288
1.79287
1.79285
1.79284
1.79282
1.7928
1.79279
1.79277
1.79275
1.79274
1.79272
1.79271
1.79269
1.79267
1.79266
1.79264
1.79262
1.79261
1.79259
1.79257
1.79256
1.79254
1.79252
1.7925
1.79249
1.79247
1.79245
1.79244
1.79242
1.7924
1.79239
1.79237
1.79235
1.79233
1.79232
1.7923
1.79228
1.79226
1.79225
1.79223
1.79221
1.79219
1.79218
1.79216
1.79214
1.79212
1.79211
1.79209
1.79207
1.79205
1.79203
1.79202
1.792
1.79198
1.79196
1.79194
1.79193
1.79191
1.79189
1.79187
1.79185
1.79184
1.79182
1.7918
1.79178
1.79176
1.79174
1.79172
1.79171
1.79169
1.79167
1.79165
1.79163
1.79161
1.79159
1.79158
1.79156
1.79154
1.79152
1.7915
1.79148
1.79146
1.79144
1.79142
1.79141
1.79139
1.79137
1.79135
1.79133
1.79131
1.79129
1.79127
1.79125
1.79123
1.79121
1.79119
1.79117
Process [3]
1.79115
1.79113
1.79111
1.79109
1.79107
1.79105
1.79104
1.79102
1.791
1.79098
1.79096
1.79094
1.79092
1.7909
1.79088
1.79086
1.79083
1.79081
1.79079
1.79077
1.79075
1.79073
1.79071
1.79069
1.79067
1.79065
1.79063
1.79061
1.79059
1.79057
1.79055
1.79053
1.79051
1.79049
1.79047
1.79044
1.79042
1.7904
1.79038
1.79036
1.79034
1.79032
1.7903
1.79028
1.79025
1.79023
1.79021
1.79019
1.79017
1.79015
1.79013
1.79011
1.79008
1.79006
1.79004
1.79002
1.79
1.78998
1.78995
1.78993
1.78991
1.78989
1.78987
1.78984
1.78982
1.7898
1.78978
1.78976
1.78973
1.78971
1.78969
1.78967
1.78964
1.78962
1.7896
1.78958
1.78956
1.78953
1.78951
1.78949
1.78947
1.78944
1.78942
1.7894
1.78937
1.78935
1.78933
1.78931
1.78928
1.78926
1.78924
1.78921
1.78919
1.78917
1.78914
1.78912
1.7891
1.78908
1.78905
1.78903
1.78901
1.78898
1.78896
1.78894
1.78891
1.78889
1.78886
1.78884
1.78882
1.78879
1.78877
1.78875
1.78872
1.7887
1.78867
1.78865
1.78863
1.7886
1.78858
1.78855
1.78853
1.78851
1.78848
1.78846
1.78843
1.78841
1.78838
1.78836
1.78834
1.78831
1.78829
1.78826
1.78824
1.78821
1.78819
1.78816
1.78814
1.78811
1.78809
1.78806
1.78804
1.78801
1.78799
1.78796
1.78794
1.78791
1.78789
1.78786
1.78784
1.78781
1.78779
1.78776
1.78774
1.78771
1.78769
1.78766
1.78764
1.78761
1.78758
1.78756
1.78753
1.78751
1.78748
1.78746
1.78743
1.7874
1.78738
1.78735
1.78733
1.7873
1.78727
1.78725
1.78722
1.7872
1.78717
1.78714
1.78712
1.78709
1.78706
1.78704
1.78701
1.78698
1.78696
1.78693
1.7869
1.78688
1.78685
1.78682
1.7868
1.78677
1.78674
1.78672
1.78669
1.78666
1.78664
1.78661
1.78658
1.78655
1.78653
1.7865
1.78647
1.78645
1.78642
1.78639
1.78636
1.78634
1.78631
1.78628
1.78625
1.78623
1.7862
1.78617
1.78614
1.78611
1.78609
1.78606
1.78603
1.786
1.78598
1.78595
1.78592
1.78589
1.78586
1.78583
1.78581
1.78578
1.78575
1.78572
1.78569
1.78566
1.78564
1.78561
1.78558
1.78555
1.78552
1.78549
1.78546
1.78544
1.78541
1.78538
1.78535
1.78532
1.78529
1.78526
1.78523
1.7852
1.78518
1.78515
1.78512
1.78509
1.78506
1.78503
1.785
1.78497
1.78494
1.78491
1.78488
1.78485
1.78482
1.78479
1.78476
1.78473
1.7847
1.78467
1.78465
1.78462
1.78459
1.78456
1.78453
1.7845
1.78447
1.78444
1.78441
1.78438
1.78434
1.78431
1.78428
1.78425
1.78422
1.78419
1.78416
1.78413
1.7841
1.78407
1.78404
1.78401
1.78398
1.78395
1.78392
1.78389
1.78386
1.78383
1.78379
1.78376
1.78373
1.7837
1.78367
1.78364
1.78361
1.78358
1.78355
1.78351
1.78348
1.78345
1.78342
1.78339
1.78336
1.78333
1.78329
1.78326
1.78323
1.7832
1.78317
Process [4]
1.78314
1.7831
1.78307
1.78304
1.78301
1.78298
1.78294
1.78291
1.78288
1.78285
1.78282
1.78278
1.78275
1.78272
1.78269
1.78265
1.78262
1.78259
1.78256
1.78252
1.78249
1.78246
1.78243
1.78239
1.78236
1.78233
1.7823
1.78226
1.78223
1.7822
1.78216
1.78213
1.7821
1.78207
1.78203
1.782
1.78197
1.78193
1.7819
1.78187
1.78183
1.7818
1.78177
1.78173
1.7817
1.78166
1.78163
1.7816
1.78156
1.78153
1.7815
1.78146
1.78143
1.7814
1.78136
1.78133
1.78129
1.78126
1.78123
1.78119
1.78116
1.78112
1.78109
1.78105
1.78102
1.78099
1.78095
1.78092
1.78088
1.78085
1.78081
1.78078
1.78074
1.78071
1.78067
1.78064
1.7806
1.78057
1.78054
1.7805
1.78047
1.78043
1.7804
1.78036
1.78033
1.78029
1.78025
1.78022
1.78018
1.78015
1.78011
1.78008
1.78004
1.78001
1.77997
1.77994
1.7799
1.77987
1.77983
1.77979
1.77976
1.77972
1.77969
1.77965
1.77961
1.77958
1.77954
1.77951
1.77947
1.77943
1.7794
1.77936
1.77933
1.77929
1.77925
1.77922
1.77918
1.77914
1.77911
1.77907
1.77903
1.779
1.77896
1.77892
1.77889
1.77885
1.77881
1.77878
1.77874
1.7787
1.77867
1.77863
1.77859
1.77856
1.77852
1.77848
1.77844
1.77841
1.77837
1.77833
1.7783
1.77826
1.77822
1.77818
1.77815
1.77811
1.77807
1.77803
1.778
1.77796
1.77792
1.77788
1.77784
1.77781
1.77777
1.77773
1.77769
1.77766
1.77762
1.77758
1.77754
1.7775
1.77746
1.77743
1.77739
1.77735
1.77731
1.77727
1.77723
1.7772
1.77716
1.77712
1.77708
1.77704
1.777
1.77696
1.77693
1.77689
1.77685
1.77681
1.77677
1.77673
1.77669
1.77665
1.77661
1.77658
1.77654
1.7765
1.77646
1.77642
1.77638
1.77634
1.7763
1.77626
1.77622
1.77618
1.77614
1.7761
1.77606
1.77602
1.77598
1.77595
1.77591
1.77587
1.77583
1.77579
1.77575
1.77571
1.77567
1.77563
1.77559
1.77555
1.77551
1.77547
1.77543
1.77539
1.77534
1.7753
1.77526
1.77522
1.77518
1.77514
1.7751
1.77506
1.77502
1.77498
1.77494
1.7749
1.77486
1.77482
1.77478
1.77474
1.7747
1.77465
1.77461
1.77457
1.77453
1.77449
1.77445
1.77441
1.77437
1.77433
1.77428
1.77424
1.7742
1.77416
1.77412
1.77408
1.77404
1.77399
1.77395
1.77391
1.77387
1.77383
1.77379
1.77374
1.7737
1.77366
1.77362
1.77358
1.77353
1.77349
1.77345
1.77341
1.77337
1.77332
1.77328
1.77324
1.7732
1.77316
1.77311
1.77307
1.77303
1.77299
1.77294
1.7729
1.77286
1.77282
1.77277
1.77273
1.77269
1.77264
1.7726
1.77256
1.77252
1.77247
1.77243
1.77239
1.77234
1.7723
1.77226
1.77222
1.77217
1.77213
1.77209
1.77204
1.772
1.77196
1.77191
1.77187
1.77183
1.77178
1.77174
1.77169
1.77165
1.77161
1.77156
1.77152
1.77148
1.77143
1.77139
1.77135
1.7713
Process [5]
1.77126
1.77121
1.77117
1.77113
1.77108
1.77104
1.77099
1.77095
1.7709
1.77086
1.77082
1.77077
1.77073
1.77068
1.77064
1.77059
1.77055
1.7705
1.77046
1.77042
1.77037
1.77033
1.77028
1.77024
1.77019
1.77015
1.7701
1.77006
1.77001
1.76997
1.76992
1.76988
1.76983
1.76979
1.76974
1.7697
1.76965
1.76961
1.76956
1.76952
1.76947
1.76942
1.76938
1.76933
1.76929
1.76924
1.7692
1.76915
1.76911
1.76906
1.76901
1.76897
1.76892
1.76888
1.76883
1.76878
1.76874
1.76869
1.76865
1.7686
1.76855
1.76851
1.76846
1.76842
1.76837
1.76832
1.76828
1.76823
1.76818
1.76814
1.76809
1.76804
1.768
1.76795
1.76791
1.76786
1.76781
1.76777
1.76772
1.76767
1.76762
1.76758
1.76753
1.76748
1.76744
1.76739
1.76734
1.7673
1.76725
1.7672
1.76715
1.76711
1.76706
1.76701
1.76697
1.76692
1.76687
1.76682
1.76678
1.76673
1.76668
1.76663
1.76659
1.76654
1.76649
1.76644
1.7664
1.76635
1.7663
1.76625
1.7662
1.76616
1.76611
1.76606
1.76601
1.76596
1.76592
1.76587
1.76582
1.76577
1.76572
1.76568
1.76563
1.76558
1.76553
1.76548
1.76543
1.76539
1.76534
1.76529
1.76524
1.76519
1.76514
1.76509
1.76504
1.765
1.76495
1.7649
1.76485
1.7648
1.76475
1.7647
1.76465
1.76461
1.76456
1.76451
1.76446
1.76441
1.76436
1.76431
1.76426
1.76421
1.76416
1.76411
1.76406
1.76401
1.76397
1.76392
1.76387
1.76382
1.76377
1.76372
1.76367
1.76362
1.76357
1.76352
1.76347
1.76342
1.76337
1.76332
1.76327
1.76322
1.76317
1.76312
1.76307
1.76302
1.76297
1.76292
1.76287
1.76282
1.76277
1.76272
1.76267
1.76262
1.76257
1.76252
1.76247
1.76242
1.76237
1.76232
1.76227
1.76222
1.76216
1.76211
1.76206
1.76201
1.76196
1.76191
1.76186
1.76181
1.76176
1.76171
1.76166
1.76161
1.76156
1.7615
1.76145
1.7614
1.76135
1.7613
1.76125
1.7612
1.76115
1.76109
1.76104
1.76099
1.76094
1.76089
1.76084
1.76079
1.76074
1.76068
1.76063
1.76058
1.76053
1.76048
1.76043
1.76037
1.76032
1.76027
1.76022
1.76017
1.76012
1.76006
1.76001
1.75996
1.75991
1.75986
1.7598
1.75975
1.7597
1.75965
1.75959
1.75954
1.75949
1.75944
1.75939
1.75933
1.75928
1.75923
1.75918
1.75912
1.75907
1.75902
1.75897
1.75891
1.75886
1.75881
1.75876
1.7587
1.75865
1.7586
1.75855
1.75849
1.75844
1.75839
1.75833
1.75828
1.75823
1.75818
1.75812
1.75807
1.75802
1.75796
1.75791
1.75786
1.7578
1.75775
1.7577
1.75764
1.75759
1.75754
1.75748
1.75743
1.75738
1.75732
1.75727
1.75722
1.75716
1.75711
1.75706
1.757
1.75695
1.7569
1.75684
1.75679
1.75673
1.75668
1.75663
1.75657
1.75652
1.75646
1.75641
1.75636
1.7563
1.75625
1.75619
1.75614
1.75609
1.75603
1.75598
1.75592
1.75587
Process [6]
1.75582
1.75576
1.75571
1.75565
1.7556
1.75554
1.75549
1.75544
1.75538
1.75533
1.75527
1.75522
1.75516
1.75511
1.75505
1.755
1.75494
1.75489
1.75483
1.75478
1.75472
1.75467
1.75462
1.75456
1.75451
1.75445
1.7544
1.75434
1.75429
1.75423
1.75418
1.75412
1.75407
1.75401
1.75395
1.7539
1.75384
1.75379
1.75373
1.75368
1.75362
1.75357
1.75351
1.75346
1.7534
1.75335
1.75329
1.75324
1.75318
1.75312
1.75307
1.75301
1.75296
1.7529
1.75285
1.75279
1.75273
1.75268
1.75262
1.75257
1.75251
1.75245
1.7524
1.75234
1.75229
1.75223
1.75218
1.75212
1.75206
1.75201
1.75195
1.75189
1.75184
1.75178
1.75173
1.75167
1.75161
1.75156
1.7515
1.75144
1.75139
1.75133
1.75128
1.75122
1.75116
1.75111
1.75105
1.75099
1.75094
1.75088
1.75082
1.75077
1.75071
1.75065
1.7506
1.75054
1.75048
1.75043
1.75037
1.75031
1.75026
1.7502
1.75014
1.75008
1.75003
1.74997
1.74991
1.74986
1.7498
1.74974
1.74969
1.74963
1.74957
1.74951
1.74946
1.7494
1.74934
1.74928
1.74923
1.74917
1.74911
1.74906
1.749
1.74894
1.74888
1.74883
1.74877
1.74871
1.74865
1.7486
1.74854
1.74848
1.74842
1.74836
1.74831
1.74825
1.74819
1.74813
1.74808
1.74802
1.74796
1.7479
1.74785
1.74779
1.74773
1.74767
1.74761
1.74756
1.7475
1.74744
1.74738
1.74732
1.74727
1.74721
1.74715
1.74709
1.74703
1.74697
1.74692
1.74686
1.7468
1.74674
1.74668
1.74662
1.74657
1.74651
1.74645
1.74639
1.74633
1.74627
1.74622
1.74616
1.7461
1.74604
1.74598
1.74592
1.74586
1.74581
1.74575
1.74569
1.74563
1.74557
1.74551
1.74545
1.74539
1.74534
1.74528
1.74522
1.74516
1.7451
1.74504
1.74498
1.74492
1.74486
1.74481
1.74475
1.74469
1.74463
1.74457
1.74451
1.74445
1.74439
1.74433
1.74427
1.74422
1.74416
1.7441
1.74404
1.74398
1.74392
1.74386
1.7438
1.74374
1.74368
1.74362
1.74356
1.7435
1.74344
1.74338
1.74332
1.74327
1.74321
1.74315
1.74309
1.74303
1.74297
1.74291
1.74285
1.74279
1.74273
1.74267
1.74261
1.74255
1.74249
1.74243
1.74237
1.74231
1.74225
1.74219
1.74213
1.74207
1.74201
1.74195
1.74189
1.74183
1.74177
1.74171
1.74165
1.74159
1.74153
1.74147
1.74141
1.74135
1.74129
1.74123
1.74117
1.74111
1.74105
1.74099
1.74093
1.74087
1.74081
1.74075
1.74069
1.74063
1.74057
1.74051
1.74045
1.74039
1.74033
1.74027
1.74021
1.74015
1.74009
1.74002
1.73996
1.7399
1.73984
1.73978
1.73972
1.73966
1.7396
1.73954
1.73948
1.73942
1.73936
1.7393
1.73924
1.73918
1.73912
1.73905
1.73899
1.73893
1.73887
1.73881
1.73875
1.73869
1.73863
1.73857
1.73851
1.73845
1.73839
1.73832
1.73826
1.7382
1.73814
1.73808
1.73802
1.73796
1.7379
1.73784
1.73778
1.73771
Process [7]
1.73765
1.73759
1.73753
1.73747
1.73741
1.73735
1.73729
1.73722
1.73716
1.7371
1.73704
1.73698
1.73692
1.73686
1.7368
1.73673
1.73667
1.73661
1.73655
1.73649
1.73643
1.73637
1.7363
1.73624
1.73618
1.73612
1.73606
1.736
1.73594
1.73587
1.73581
1.73575
1.73569
1.73563
1.73557
1.73551
1.73544
1.73538
1.73532
1.73526
1.7352
1.73514
1.73507
1.73501
1.73495
1.73489
1.73483
1.73476
1.7347
1.73464
1.73458
1.73452
1.73446
1.73439
1.73433
1.73427
1.73421
1.73415
1.73408
1.73402
1.73396
1.7339
1.73384
1.73377
1.73371
1.73365
1.73359
1.73353
1.73346
1.7334
1.73334
1.73328
1.73322
1.73315
1.73309
1.73303
1.73297
1.73291
1.73284
1.73278
1.73272
1.73266
1.73259
1.73253
1.73247
1.73241
1.73235
1.73228
1.73222
1.73216
1.7321
1.73203
1.73197
1.73191
1.73185
1.73179
1.73172
1.73166
1.7316
1.73154
1.73147
1.73141
1.73135
1.73129
1.73122
1.73116
1.7311
1.73104
1.73097
1.73091
1.73085
1.73079
1.73072
1.73066
1.7306
1.73054
1.73047
1.73041
1.73035
1.73029
1.73022
1.73016
1.7301
1.73004
1.72997
1.72991
1.72985
1.72979
1.72972
1.72966
1.7296
1.72953
1.72947
1.72941
1.72935
1.72928
1.72922
1.72916
1.7291
1.72903
1.72897
1.72891
1.72884
1.72878
1.72872
1.72866
1.72859
1.72853
1.72847
1.7284
1.72834
1.72828
1.72822
1.72815
1.72809
1.72803
1.72796
1.7279
1.72784
1.72778
1.72771
1.72765
1.72759
1.72752
1.72746
1.7274
1.72734
1.72727
1.72721
1.72715
1.72708
1.72702
1.72696
1.72689
1.72683
1.72677
1.72671
1.72664
1.72658
1.72652
1.72645
1.72639
1.72633
1.72626
1.7262
1.72614
1.72607
1.72601
1.72595
1.72589
1.72582
1.72576
1.7257
1.72563
1.72557
1.72551
1.72544
1.72538
1.72532
1.72525
1.72519
1.72513
1.72506
1.725
1.72494
1.72487
1.72481
1.72475
1.72468
1.72462
1.72456
1.7245
1.72443
1.72437
1.72431
1.72424
1.72418
1.72412
1.72405
1.72399
1.72393
1.72386
1.7238
1.72374
1.72367
1.72361
1.72355
1.72348
1.72342
1.72336
1.72329
1.72323
1.72317
1.7231
1.72304
1.72298
1.72291
1.72285
1.72279
1.72272
1.72266
1.7226
1.72253
1.72247
1.72241
1.72234
1.72228
1.72222
1.72215
1.72209
1.72203
1.72196
1.7219
1.72184
1.72177
1.72171
1.72165
1.72158
1.72152
1.72145
1.72139
1.72133
1.72126
1.7212
1.72114
1.72107
1.72101
1.72095
1.72088
1.72082
1.72076
1.72069
1.72063
1.72057
1.7205
1.72044
1.72038
1.72031
1.72025
1.72019
1.72012
1.72006
1.72
1.71993
1.71987
1.71981
1.71974
1.71968
1.71961
1.71955
1.71949
1.71942
1.71936
1.7193
1.71923
1.71917
1.71911
1.71904
1.71898
1.71892
1.71885
1.71879
1.71873
1.71866
1.7186
1.71854
1.71847
1.71841
1.71835
1.71828
1.71822
1.71815
1.71809
Process [8]
1.71803
1.71796
1.7179
1.71784
1.71777
1.71771
1.71765
1.71758
1.71752
1.71746
1.71739
1.71733
1.71727
1.7172
1.71714
1.71708
1.71701
1.71695
1.71689
1.71682
1.71676
1.71669
1.71663
1.71657
1.7165
1.71644
1.71638
1.71631
1.71625
1.71619
1.71612
1.71606
1.716
1.71593
1.71587
1.71581
1.71574
1.71568
1.71562
1.71555
1.71549
1.71543
1.71536
1.7153
1.71524
1.71517
1.71511
1.71505
1.71498
1.71492
1.71486
1.71479
1.71473
1.71466
1.7146
1.71454
1.71447
1.71441
1.71435
1.71428
1.71422
1.71416
1.71409
1.71403
1.71397
1.7139
1.71384
1.71378
1.71371
1.71365
1.71359
1.71352
1.71346
1.7134
1.71333
1.71327
1.71321
1.71314
1.71308
1.71302
1.71295
1.71289
1.71283
1.71276
1.7127
1.71264
1.71257
1.71251
1.71245
1.71238
1.71232
1.71226
1.71219
1.71213
1.71207
1.71201
1.71194
1.71188
1.71182
1.71175
1.71169
1.71163
1.71156
1.7115
1.71144
1.71137
1.71131
1.71125
1.71118
1.71112
1.71106
1.71099
1.71093
1.71087
1.7108
1.71074
1.71068
1.71062
1.71055
1.71049
1.71043
1.71036
1.7103
1.71024
1.71017
1.71011
1.71005
1.70998
1.70992
1.70986
1.7098
1.70973
1.70967
1.70961
1.70954
1.70948
1.70942
1.70935
1.70929
1.70923
1.70917
1.7091
1.70904
1.70898
1.70891
1.70885
1.70879
1.70872
1.70866
1.7086
1.70854
1.70847
1.70841
1.70835
1.70828
1.70822
1.70816
1.7081
1.70803
1.70797
1.70791
1.70784
1.70778
1.70772
1.70766
1.70759
1.70753
1.70747
1.70741
1.70734
1.70728
1.70722
1.70715
1.70709
1.70703
1.70697
1.7069
1.70684
1.70678
1.70672
1.70665
1.70659
1.70653
1.70647
1.7064
1.70634
1.70628
1.70621
1.70615
1.70609
1.70603
1.70596
1.7059
1.70584
1.70578
1.70571
1.70565
1.70559
1.70553
1.70546
1.7054
1.70534
1.70528
1.70521
1.70515
1.70509
1.70503
1.70497
1.7049
1.70484
1.70478
1.70472
1.70465
1.70459
1.70453
1.70447
1.7044
1.70434
1.70428
1.70422
1.70416
1.70409
1.70403
1.70397
1.70391
1.70384
1.70378
1.70372
1.70366
1.7036
1.70353
1.70347
1.70341
1.70335
1.70329
1.70322
1.70316
1.7031
1.70304
1.70297
1.70291
1.70285
1.70279
1.70273
1.70267
1.7026
1.70254
1.70248
1.70242
1.70236
1.70229
1.70223
1.70217
1.70211
1.70205
1.70198
1.70192
1.70186
1.7018
1.70174
1.70168
1.70161
1.70155
1.70149
1.70143
1.70137
1.70131
1.70124
1.70118
1.70112
1.70106
1.701
1.70094
1.70087
1.70081
1.70075
1.70069
1.70063
1.70057
1.7005
1.70044
1.70038
1.70032
1.70026
1.7002
1.70014
1.70007
1.70001
1.69995
1.69989
1.69983
1.69977
1.69971
1.69965
1.69958
1.69952
1.69946
1.6994
1.69934
1.69928
1.69922
1.69916
1.69909
1.69903
1.69897
1.69891
1.69885
1.69879
1.69873
1.69867
1.69861
1.69854
1.69848
Process [9]
1.69842
1.69836
1.6983
1.69824
1.69818
1.69812
1.69806
1.698
1.69793
1.69787
1.69781
1.69775
1.69769
1.69763
1.69757
1.69751
1.69745
1.69739
1.69733
1.69727
1.69721
1.69714
1.69708
1.69702
1.69696
1.6969
1.69684
1.69678
1.69672
1.69666
1.6966
1.69654
1.69648
1.69642
1.69636
1.6963
1.69624
1.69618
1.69612
1.69606
1.696
1.69594
1.69587
1.69581
1.69575
1.69569
1.69563
1.69557
1.69551
1.69545
1.69539
1.69533
1.69527
1.69521
1.69515
1.69509
1.69503
1.69497
1.69491
1.69485
1.69479
1.69473
1.69467
1.69461
1.69455
1.69449
1.69443
1.69437
1.69431
1.69425
1.69419
1.69413
1.69407
1.69401
1.69395
1.69389
1.69383
1.69378
1.69372
1.69366
1.6936
1.69354
1.69348
1.69342
1.69336
1.6933
1.69324
1.69318
1.69312
1.69306
1.693
1.69294
1.69288
1.69282
1.69276
1.6927
1.69264
1.69259
1.69253
1.69247
1.69241
1.69235
1.69229
1.69223
1.69217
1.69211
1.69205
1.69199
1.69193
1.69188
1.69182
1.69176
1.6917
1.69164
1.69158
1.69152
1.69146
1.6914
1.69135
1.69129
1.69123
1.69117
1.69111
1.69105
1.69099
1.69093
1.69088
1.69082
1.69076
1.6907
1.69064
1.69058
1.69052
1.69046
1.69041
1.69035
1.69029
1.69023
1.69017
1.69011
1.69006
1.69
1.68994
1.68988
1.68982
1.68976
1.68971
1.68965
1.68959
1.68953
1.68947
1.68941
1.68936
1.6893
1.68924
1.68918
1.68912
1.68907
1.68901
1.68895
1.68889
1.68883
1.68878
1.68872
1.68866
1.6886
1.68855
1.68849
1.68843
1.68837
1.68831
1.68826
1.6882
1.68814
1.68808
1.68803
1.68797
1.68791
1.68785
1.6878
1.68774
1.68768
1.68762
1.68757
1.68751
1.68745
1.68739
1.68734
1.68728
1.68722
1.68716
1.68711
1.68705
1.68699
1.68694
1.68688
1.68682
1.68676
1.68671
1.68665
1.68659
1.68654
1.68648
1.68642
1.68637
1.68631
1.68625
1.68619
1.68614
1.68608
1.68602
1.68597
1.68591
1.68585
1.6858
1.68574
1.68568
1.68563
1.68557
1.68551
1.68546
1.6854
1.68534
1.68529
1.68523
1.68518
1.68512
1.68506
1.68501
1.68495
1.68489
1.68484
1.68478
1.68473
1.68467
1.68461
1.68456
1.6845
1.68444
1.68439
1.68433
1.68428
1.68422
1.68416
1.68411
1.68405
1.684
1.68394
1.68389
1.68383
1.68377
1.68372
1.68366
1.68361
1.68355
1.6835
1.68344
1.68338
1.68333
1.68327
1.68322
1.68316
1.68311
1.68305
1.683
1.68294
1.68289
1.68283
1.68277
1.68272
1.68266
1.68261
1.68255
1.6825
1.68244
1.68239
1.68233
1.68228
1.68222
1.68217
1.68211
1.68206
1.682
1.68195
1.68189
1.68184
1.68178
1.68173
1.68167
1.68162
1.68157
1.68151
1.68146
1.6814
1.68135
1.68129
1.68124
1.68118
1.68113
1.68107
1.68102
1.68097
1.68091
1.68086
1.6808
1.68075
1.68069
1.68064
1.68059
1.68053
1.68048
1.68042
Process [10]
1.68037
1.68031
1.68026
1.68021
1.68015
1.6801
1.68005
1.67999
1.67994
1.67988
1.67983
1.67978
1.67972
1.67967
1.67961
1.67956
1.67951
1.67945
1.6794
1.67935
1.67929
1.67924
1.67919
1.67913
1.67908
1.67903
1.67897
1.67892
1.67887
1.67881
1.67876
1.67871
1.67865
1.6786
1.67855
1.67849
1.67844
1.67839
1.67834
1.67828
1.67823
1.67818
1.67812
1.67807
1.67802
1.67797
1.67791
1.67786
1.67781
1.67775
1.6777
1.67765
1.6776
1.67754
1.67749
1.67744
1.67739
1.67733
1.67728
1.67723
1.67718
1.67713
1.67707
1.67702
1.67697
1.67692
1.67686
1.67681
1.67676
1.67671
1.67666
1.6766
1.67655
1.6765
1.67645
1.6764
1.67634
1.67629
1.67624
1.67619
1.67614
1.67609
1.67603
1.67598
1.67593
1.67588
1.67583
1.67578
1.67573
1.67567
1.67562
1.67557
1.67552
1.67547
1.67542
1.67537
1.67531
1.67526
1.67521
1.67516
1.67511
1.67506
1.67501
1.67496
1.67491
1.67486
1.6748
1.67475
1.6747
1.67465
1.6746
1.67455
1.6745
1.67445
1.6744
1.67435
1.6743
1.67425
1.6742
1.67415
1.6741
1.67405
1.674
1.67394
1.67389
1.67384
1.67379
1.67374
1.67369
1.67364
1.67359
1.67354
1.67349
1.67344
1.67339
1.67334
1.67329
1.67324
1.67319
1.67314
1.67309
1.67304
1.67299
1.67294
1.6729
1.67285
1.6728
1.67275
1.6727
1.67265
1.6726
1.67255
1.6725
1.67245
1.6724
1.67235
1.6723
1.67225
1.6722
1.67215
1.67211
1.67206
1.67201
1.67196
1.67191
1.67186
1.67181
1.67176
1.67171
1.67166
1.67162
1.67157
1.67152
1.67147
1.67142
1.67137
1.67132
1.67128
1.67123
1.67118
1.67113
1.67108
1.67103
1.67099
1.67094
1.67089
1.67084
1.67079
1.67074
1.6707
1.67065
1.6706
1.67055
1.6705
1.67046
1.67041
1.67036
1.67031
1.67026
1.67022
1.67017
1.67012
1.67007
1.67003
1.66998
1.66993
1.66988
1.66984
1.66979
1.66974
1.66969
1.66965
1.6696
1.66955
1.6695
1.66946
1.66941
1.66936
1.66931
1.66927
1.66922
1.66917
1.66913
1.66908
1.66903
1.66899
1.66894
1.66889
1.66885
1.6688
1.66875
1.66871
1.66866
1.66861
1.66857
1.66852
1.66847
1.66843
1.66838
1.66833
1.66829
1.66824
1.66819
1.66815
1.6681
1.66806
1.66801
1.66796
1.66792
1.66787
1.66783
1.66778
1.66773
1.66769
1.66764
1.6676
1.66755
1.6675
1.66746
1.66741
1.66737
1.66732
1.66728
1.66723
1.66718
1.66714
1.66709
1.66705
1.667
1.66696
1.66691
1.66687
1.66682
1.66678
1.66673
1.66669
1.66664
1.6666
1.66655
1.66651
1.66646
1.66642
1.66637
1.66633
1.66628
1.66624
1.66619
1.66615
1.6661
1.66606
1.66601
1.66597
1.66593
1.66588
1.66584
1.66579
1.66575
1.6657
1.66566
1.66562
1.66557
1.66553
1.66548
1.66544
1.66539
1.66535
1.66531
1.66526
1.66522
1.66517
1.66513
1.66509
Process [11]
1.66504
1.665
1.66496
1.66491
1.66487
1.66483
1.66478
1.66474
1.66469
1.66465
1.66461
1.66456
1.66452
1.66448
1.66443
1.66439
1.66435
1.66431
1.66426
1.66422
1.66418
1.66413
1.66409
1.66405
1.664
1.66396
1.66392
1.66388
1.66383
1.66379
1.66375
1.66371
1.66366
1.66362
1.66358
1.66354
1.66349
1.66345
1.66341
1.66337
1.66332
1.66328
1.66324
1.6632
1.66316
1.66311
1.66307
1.66303
1.66299
1.66295
1.6629
1.66286
1.66282
1.66278
1.66274
1.66269
1.66265
1.66261
1.66257
1.66253
1.66249
1.66245
1.6624
1.66236
1.66232
1.66228
1.66224
1.6622
1.66216
1.66211
1.66207
1.66203
1.66199
1.66195
1.66191
1.66187
1.66183
1.66179
1.66175
1.66171
1.66166
1.66162
1.66158
1.66154
1.6615
1.66146
1.66142
1.66138
1.66134
1.6613
1.66126
1.66122
1.66118
1.66114
1.6611
1.66106
1.66102
1.66098
1.66094
1.6609
1.66086
1.66082
1.66078
1.66074
1.6607
1.66066
1.66062
1.66058
1.66054
1.6605
1.66046
1.66042
1.66038
1.66034
1.6603
1.66026
1.66022
1.66018
1.66014
1.66011
1.66007
1.66003
1.65999
1.65995
1.65991
1.65987
1.65983
1.65979
1.65975
1.65972
1.65968
1.65964
1.6596
1.65956
1.65952
1.65948
1.65944
1.65941
1.65937
1.65933
1.65929
1.65925
1.65921
1.65918
1.65914
1.6591
1.65906
1.65902
1.65898
1.65895
1.65891
1.65887
1.65883
1.65879
1.65876
1.65872
1.65868
1.65864
1.65861
1.65857
1.65853
1.65849
1.65846
1.65842
1.65838
1.65834
1.65831
1.65827
1.65823
1.65819
1.65816
1.65812
1.65808
1.65804
1.65801
1.65797
1.65793
1.6579
1.65786
1.65782
1.65779
1.65775
1.65771
1.65768
1.65764
1.6576
1.65757
1.65753
1.65749
1.65746
1.65742
1.65738
1.65735
1.65731
1.65727
1.65724
1.6572
1.65717
1.65713
1.65709
1.65706
1.65702
1.65699
1.65695
1.65691
1.65688
1.65684
1.65681
1.65677
1.65673
1.6567
1.65666
1.65663
1.65659
1.65656
1.65652
1.65649
1.65645
1.65641
1.65638
1.65634
1.65631
1.65627
1.65624
1.6562
1.65617
1.65613
1.6561
1.65606
1.65603
1.65599
1.65596
1.65592
1.65589
1.65585
1.65582
1.65579
1.65575
1.65572
1.65568
1.65565
1.65561
1.65558
1.65554
1.65551
1.65548
1.65544
1.65541
1.65537
1.65534
1.6553
1.65527
1.65524
1.6552
1.65517
1.65513
1.6551
1.65507
1.65503
1.655
1.65497
1.65493
1.6549
1.65487
1.65483
1.6548
1.65476
1.65473
1.6547
1.65466
1.65463
1.6546
1.65456
1.65453
1.6545
1.65447
1.65443
1.6544
1.65437
1.65433
1.6543
1.65427
1.65424
1.6542
1.65417
1.65414
1.6541
1.65407
1.65404
1.65401
1.65397
1.65394
1.65391
1.65388
1.65384
1.65381
1.65378
1.65375
1.65372
1.65368
1.65365
1.65362
1.65359
1.65356
1.65352
1.65349
1.65346
1.65343
1.6534
1.65336
1.65333
1.6533
Process [12]
1.65327
1.65324
1.65321
1.65318
1.65314
1.65311
1.65308
1.65305
1.65302
1.65299
1.65296
1.65292
1.65289
1.65286
1.65283
1.6528
1.65277
1.65274
1.65271
1.65268
1.65265
1.65262
1.65258
1.65255
1.65252
1.65249
1.65246
1.65243
1.6524
1.65237
1.65234
1.65231
1.65228
1.65225
1.65222
1.65219
1.65216
1.65213
1.6521
1.65207
1.65204
1.65201
1.65198
1.65195
1.65192
1.65189
1.65186
1.65183
1.6518
1.65177
1.65174
1.65171
1.65168
1.65165
1.65162
1.65159
1.65156
1.65153
1.6515
1.65148
1.65145
1.65142
1.65139
1.65136
1.65133
1.6513
1.65127
1.65124
1.65121
1.65119
1.65116
1.65113
1.6511
1.65107
1.65104
1.65101
1.65098
1.65096
1.65093
1.6509
1.65087
1.65084
1.65081
1.65079
1.65076
1.65073
1.6507
1.65067
1.65064
1.65062
1.65059
1.65056
1.65053
1.6505
1.65048
1.65045
1.65042
1.65039
1.65037
1.65034
1.65031
1.65028
1.65026
1.65023
1.6502
1.65017
1.65015
1.65012
1.65009
1.65006
1.65004
1.65001
1.64998
1.64995
1.64993
1.6499
1.64987
1.64985
1.64982
1.64979
1.64977
1.64974
1.64971
1.64969
1.64966
1.64963
1.64961
1.64958
1.64955
1.64953
1.6495
1.64947
1.64945
1.64942
1.64939
1.64937
1.64934
1.64932
1.64929
1.64926
1.64924
1.64921
1.64919
1.64916
1.64913
1.64911
1.64908
1.64906
1.64903
1.64901
1.64898
1.64895
1.64893
1.6489
1.64888
1.64885
1.64883
1.6488
1.64878
1.64875
1.64873
1.6487
1.64867
1.64865
1.64862
1.6486
1.64857
1.64855
1.64852
1.6485
1.64847
1.64845
1.64843
1.6484
1.64838
1.64835
1.64833
1.6483
1.64828
1.64825
1.64823
1.6482
1.64818
1.64815
1.64813
1.64811
1.64808
1.64806
1.64803
1.64801
1.64799
1.64796
1.64794
1.64791
1.64789
1.64787
1.64784
1.64782
1.64779
1.64777
1.64775
1.64772
1.6477
1.64768
1.64765
1.64763
1.64761
1.64758
1.64756
1.64753
1.64751
1.64749
1.64747
1.64744
1.64742
1.6474
1.64737
1.64735
1.64733
1.6473
1.64728
1.64726
1.64723
1.64721
1.64719
1.64717
1.64714
1.64712
1.6471
1.64708
1.64705
1.64703
1.64701
1.64699
1.64696
1.64694
1.64692
1.6469
1.64687
1.64685
1.64683
1.64681
1.64679
1.64676
1.64674
1.64672
1.6467
1.64668
1.64665
1.64663
1.64661
1.64659
1.64657
1.64654
1.64652
1.6465
1.64648
1.64646
1.64644
1.64642
1.64639
1.64637
1.64635
1.64633
1.64631
1.64629
1.64627
1.64625
1.64622
1.6462
1.64618
1.64616
1.64614
1.64612
1.6461
1.64608
1.64606
1.64604
1.64602
1.64599
1.64597
1.64595
1.64593
1.64591
1.64589
1.64587
1.64585
1.64583
1.64581
1.64579
1.64577
1.64575
1.64573
1.64571
1.64569
1.64567
1.64565
1.64563
1.64561
1.64559
1.64557
1.64555
1.64553
1.64551
1.64549
1.64547
1.64545
1.64543
1.64541
1.64539
1.64537
1.64535
Process [13]
1.64533
1.64531
1.64529
1.64527
1.64525
1.64524
1.64522
1.6452
1.64518
1.64516
1.64514
1.64512
1.6451
1.64508
1.64506
1.64504
1.64503
1.64501
1.64499
1.64497
1.64495
1.64493
1.64491
1.64489
1.64488
1.64486
1.64484
1.64482
1.6448
1.64478
1.64476
1.64475
1.64473
1.64471
1.64469
1.64467
1.64466
1.64464
1.64462
1.6446
1.64458
1.64457
1.64455
1.64453
1.64451
1.64449
1.64448
1.64446
1.64444
1.64442
1.6444
1.64439
1.64437
1.64435
1.64433
1.64432
1.6443
1.64428
1.64426
1.64425
1.64423
1.64421
1.6442
1.64418
1.64416
1.64414
1.64413
1.64411
1.64409
1.64408
1.64406
1.64404
1.64403
1.64401
1.64399
1.64397
1.64396
1.64394
1.64392
1.64391
1.64389
1.64388
1.64386
1.64384
1.64383
1.64381
1.64379
1.64378
1.64376
1.64374
1.64373
1.64371
1.6437
1.64368
1.64366
1.64365
1.64363
1.64361
1.6436
1.64358
1.64357
1.64355
1.64354
1.64352
1.6435
1.64349
1.64347
1.64346
1.64344
1.64343
1.64341
1.64339
1.64338
1.64336
1.64335
1.64333
1.64332
1.6433
1.64329
1.64327
1.64326
1.64324
1.64323
1.64321
1.6432
1.64318
1.64317
1.64315
1.64314
1.64312
1.64311
1.64309
1.64308
1.64306
1.64305
1.64303
1.64302
1.643
1.64299
1.64297
1.64296
1.64294
1.64293
1.64292
1.6429
1.64289
1.64287
1.64286
1.64284
1.64283
1.64282
1.6428
1.64279
1.64277
1.64276
1.64275
1.64273
1.64272
1.6427
1.64269
1.64268
1.64266
1.64265
1.64263
1.64262
1.64261
1.64259
1.64258
1.64257
1.64255
1.64254
1.64252
1.64251
1.6425
1.64248
1.64247
1.64246
1.64244
1.64243
1.64242
1.6424
1.64239
1.64238
1.64237
1.64235
1.64234
1.64233
1.64231
1.6423
1.64229
1.64227
1.64226
1.64225
1.64224
1.64222
1.64221
1.6422
1.64219
1.64217
1.64216
1.64215
1.64213
1.64212
1.64211
1.6421
1.64208
1.64207
1.64206
1.64205
1.64204
1.64202
1.64201
1.642
1.64199
1.64197
1.64196
1.64195
1.64194
1.64193
1.64191
1.6419
1.64189
1.64188
1.64187
1.64185
1.64184
1.64183
1.64182
1.64181
1.6418
1.64178
1.64177
1.64176
1.64175
1.64174
1.64173
1.64172
1.6417
1.64169
1.64168
1.64167
1.64166
1.64165
1.64164
1.64162
1.64161
1.6416
1.64159
1.64158
1.64157
1.64156
1.64155
1.64154
1.64153
1.64151
1.6415
1.64149
1.64148
1.64147
1.64146
1.64145
1.64144
1.64143
1.64142
1.64141
1.6414
1.64139
1.64138
1.64137
1.64135
1.64134
1.64133
1.64132
1.64131
1.6413
1.64129
1.64128
1.64127
1.64126
1.64125
1.64124
1.64123
1.64122
1.64121
1.6412
1.64119
1.64118
1.64117
1.64116
1.64115
1.64114
1.64113
1.64112
1.64111
1.6411
1.64109
1.64108
1.64107
1.64106
1.64105
1.64105
1.64104
1.64103
1.64102
1.64101
1.641
1.64099
1.64098
1.64097
1.64096
1.64095
1.64094
Process [14]
1.64093
1.64092
1.64091
1.64091
1.6409
1.64089
1.64088
1.64087
1.64086
1.64085
1.64084
1.64083
1.64082
1.64082
1.64081
1.6408
1.64079
1.64078
1.64077
1.64076
1.64075
1.64075
1.64074
1.64073
1.64072
1.64071
1.6407
1.64069
1.64069
1.64068
1.64067
1.64066
1.64065
1.64064
1.64064
1.64063
1.64062
1.64061
1.6406
1.64059
1.64059
1.64058
1.64057
1.64056
1.64055
1.64055
1.64054
1.64053
1.64052
1.64051
1.64051
1.6405
1.64049
1.64048
1.64048
1.64047
1.64046
1.64045
1.64045
1.64044
1.64043
1.64042
1.64041
1.64041
1.6404
1.64039
1.64039
1.64038
1.64037
1.64036
1.64036
1.64035
1.64034
1.64033
1.64033
1.64032
1.64031
1.6403
1.6403
1.64029
1.64028
1.64028
1.64027
1.64026
1.64026
1.64025
1.64024
1.64023
1.64023
1.64022
1.64021
1.64021
1.6402
1.64019
1.64019
1.64018
1.64017
1.64017
1.64016
1.64015
1.64015
1.64014
1.64013
1.64013
1.64012
1.64011
1.64011
1.6401
1.6401
1.64009
1.64008
1.64008
1.64007
1.64006
1.64006
1.64005
1.64005
1.64004
1.64003
1.64003
1.64002
1.64001
1.64001
1.64
1.64
1.63999
1.63998
1.63998
1.63997
1.63997
1.63996
1.63995
1.63995
1.63994
1.63994
1.63993
1.63993
1.63992
1.63991
1.63991
1.6399
1.6399
1.63989
1.63989
1.63988
1.63988
1.63987
1.63986
1.63986
1.63985
1.63985
1.63984
1.63984
1.63983
1.63983
1.63982
1.63982
1.63981
1.63981
1.6398
1.6398
1.63979
1.63978
1.63978
1.63977
1.63977
1.63976
1.63976
1.63975
1.63975
1.63974
1.63974
1.63973
1.63973
1.63972
1.63972
1.63971
1.63971
1.63971
1.6397
1.6397
1.63969
1.63969
1.63968
1.63968
1.63967
1.63967
1.63966
1.63966
1.63965
1.63965
1.63964
1.63964
1.63964
1.63963
1.63963
1.63962
1.63962
1.63961
1.63961
1.6396
1.6396
1.6396
1.63959
1.63959
1.63958
1.63958
1.63957
1.63957
1.63957
1.63956
1.63956
1.63955
1.63955
1.63955
1.63954
1.63954
1.63953
1.63953
1.63953
1.63952
1.63952
1.63951
1.63951
1.63951
1.6395
1.6395
1.63949
1.63949
1.63949
1.63948
1.63948
1.63948
1.63947
1.63947
1.63946
1.63946
1.63946
1.63945
1.63945
1.63945
1.63944
1.63944
1.63944
1.63943
1.63943
1.63943
1.63942
1.63942
1.63942
1.63941
1.63941
1.63941
1.6394
1.6394
1.6394
1.63939
1.63939
1.63939
1.63938
1.63938
1.63938
1.63937
1.63937
1.63937
1.63936
1.63936
1.63936
1.63935
1.63935
1.63935
1.63934
1.63934
1.63934
1.63934
1.63933
1.63933
1.63933
1.63932
1.63932
1.63932
1.63932
1.63931
1.63931
1.63931
1.6393
1.6393
1.6393
1.6393
1.63929
1.63929
1.63929
1.63928
1.63928
1.63928
1.63928
1.63927
1.63927
1.63927
1.63927
1.63926
1.63926
1.63926
1.63926
1.63925
1.63925
1.63925
1.63925
1.63924
1.63924
1.63924
1.63924
Process [15]
1.63923
1.63923
1.63923
1.63923
1.63922
1.63922
1.63922
1.63922
1.63922
1.63921
1.63921
1.63921
1.63921
1.6392
1.6392
1.6392
1.6392
1.6392
1.63919
1.63919
1.63919
1.63919
1.63919
1.63918
1.63918
1.63918
1.63918
1.63918
1.63917
1.63917
1.63917
1.63917
1.63917
1.63916
1.63916
1.63916
1.63916
1.63916
1.63915
1.63915
1.63915
1.63915
1.63915
1.63915
1.63914
1.63914
1.63914
1.63914
1.63914
1.63914
1.63913
1.63913
1.63913
1.63913
1.63913
1.63913
1.63912
1.63912
1.63912
1.63912
1.63912
1.63912
1.63911
1.63911
1.63911
1.63911
1.63911
1.63911
1.63911
1.6391
1.6391
1.6391
1.6391
1.6391
1.6391
1.6391
1.63909
1.63909
1.63909
1.63909
1.63909
1.63909
1.63909
1.63909
1.63908
1.63908
1.63908
1.63908
1.63908
1.63908
1.63908
1.63908
1.63907
1.63907
1.63907
1.63907
1.63907
1.63907
1.63907
1.63907
1.63907
1.63906
1.63906
1.63906
1.63906
1.63906
1.63906
1.63906
1.63906
1.63906
1.63906
1.63905
1.63905
1.63905
1.63905
1.63905
1.63905
1.63905
1.63905
1.63905
1.63905
1.63904
1.63904
1.63904
1.63904
1.63904
1.63904
1.63904
1.63904
1.63904
1.63904
1.63904
1.63904
1.63904
1.63903
1.63903
1.63903
1.63903
1.63903
1.63903
1.63903
1.63903
1.63903
1.63903
1.63903
1.63903
1.63903
1.63903
1.63902
1.63902
1.63902
1.63902
1.63902
1.63902
1.63902
1.63902
1.63902
1.63902
1.63902
1.63902
1.63902
1.63902
1.63902
1.63902
1.63901
1.63901
1.63901
1.63901
1.63901
1.63901
1.63901
1.63901
1.63901
1.63901
1.63901
1.63901
1.63901
1.63901
1.63901
1.63901
1.63901
1.63901
1.63901
1.63901
1.63901
1.63901
1.63901
1.639
1.639
1.639
1.639
1.639
1.639
1.639
1.639
1.639
1.639
1.639
1.639
1.639
1.639
1.639
1.639
1.639
1.639
1.639
1.639
1.639
1.639
1.639
1.639
1.639
1.639
1.639
1.639
1.639
1.639
1.639
1.639
1.639
1.639
1.639
1.639
1.63899
1.63899
1.63899
1.63899
1.63899
1.63899
1.63899
1.63899
1.63899
1.63899
1.63899
1.63899
1.63899
1.63899
1.63899
1.63899
1.63899
1.63899
1.63899
1.63899
1.63899
1.63899
1.63899
1.63899
1.63899
1.63899
1.63899
1.63899
1.63899
1.63899
1.63899
1.63899
1.63899
1.63899
1.63899
1.63899
1.63899
1.63899
1.63899
1.63899
1.63899
1.63899
1.63899
1.63899
1.63899
1.63899
1.63899
1.63899
1.63899
1.63899
1.63899
1.63899
1.63899
1.63899
1.63899
1.63899
1.63899
1.63899
1.63899
1.63899
1.63899
1.63899
1.63899
1.63899
1.63899
1.63899
1.63899
1.63899
1.63899
1.63899
1.63899
1.63899
1.63899
1.63899
1.63899
1.63899
1.63899
1.63899
1.63899
1.63899
1.63899
1.63899
1.63899
1.63899
1.63899
1.63899
1.63899
1.63899
1.63899
************************************************************************************************************************
***             WIDEN YOUR WINDOW TO 120 CHARACTERS.  Use 'enscript -r -fCourier9' to print this document            ***
************************************************************************************************************************

---------------------------------------------- PETSc Performance Summary: ----------------------------------------------

./ex.out on a  named r01n02 with 16 processors, by mae-zhangyb Thu Jun  2 09:51:16 2022
Using Petsc Release Version 3.16.6, Mar 30, 2022 

                         Max       Max/Min     Avg       Total
Time (sec):           3.393e+02     1.000   3.393e+02
Objects:              1.500e+01     1.000   1.500e+01
Flop:                 1.253e+11     1.004   1.251e+11  2.002e+12
Flop/sec:             3.693e+08     1.004   3.687e+08  5.900e+09
MPI Messages:         8.005e+07     2.000   7.505e+07  1.201e+09
MPI Message Lengths:  6.404e+08     2.000   8.000e+00  9.606e+09
MPI Reductions:       4.003e+07     1.000

Flop counting convention: 1 flop = 1 real number operation of type (multiply/divide/add/subtract)
                            e.g., VecAXPY() for real vectors of length N --> 2N flop
                            and VecAXPY() for complex vectors of length N --> 8N flop

Summary of Stages:   ----- Time ------  ----- Flop ------  --- Messages ---  -- Message Lengths --  -- Reductions --
                        Avg     %Total     Avg     %Total    Count   %Total     Avg         %Total    Count   %Total
 0:      Main Stage: 3.3927e+02 100.0%  2.0016e+12 100.0%  1.201e+09 100.0%  8.000e+00      100.0%  4.003e+07 100.0%

------------------------------------------------------------------------------------------------------------------------
See the 'Profiling' chapter of the users' manual for details on interpreting output.
Phase summary info:
   Count: number of times phase was executed
   Time and Flop: Max - maximum over all processors
                  Ratio - ratio of maximum to minimum over all processors
   Mess: number of messages sent
   AvgLen: average message length (bytes)
   Reduct: number of global reductions
   Global: entire computation
   Stage: stages of a computation. Set stages with PetscLogStagePush() and PetscLogStagePop().
      %T - percent time in this phase         %F - percent flop in this phase
      %M - percent messages in this phase     %L - percent message lengths in this phase
      %R - percent reductions in this phase
   Total Mflop/s: 10e-6 * (sum of flop over all processors)/(max time over all processors)
------------------------------------------------------------------------------------------------------------------------
Event                Count      Time (sec)     Flop                              --- Global ---  --- Stage ----  Total
                   Max Ratio  Max     Ratio   Max  Ratio  Mess   AvgLen  Reduct  %T %F %M %L %R  %T %F %M %L %R Mflop/s
------------------------------------------------------------------------------------------------------------------------

--- Event Stage 0: Main Stage

BuildTwoSided          4 1.0 5.2719e-03 2.2 0.00e+00 0.0 3.0e+01 4.0e+00 4.0e+00  0  0  0  0  0   0  0  0  0  0     0
BuildTwoSidedF         3 1.0 4.8397e-03 3.9 0.00e+00 0.0 0.0e+00 0.0e+00 3.0e+00  0  0  0  0  0   0  0  0  0  0     0
VecView                1 1.0 9.1629e-0347.3 0.00e+00 0.0 1.5e+01 2.5e+03 0.0e+00  0  0  0  0  0   0  0  0  0  0     0
VecNorm          40026244 1.0 1.3741e+02 1.7 2.51e+10 1.0 0.0e+00 0.0e+00 4.0e+07 32 20  0  0100  32 20  0  0100  2914
VecCopy          40026245 1.0 8.7575e+00 1.5 0.00e+00 0.0 0.0e+00 0.0e+00 0.0e+00  2  0  0  0  0   2  0  0  0  0     0
VecSet                 1 1.0 7.4151e-031829.5 0.00e+00 0.0 0.0e+00 0.0e+00 0.0e+00  0  0  0  0  0   0  0  0  0  0     0
VecAXPY          40026244 1.0 8.1847e+00 1.2 2.51e+10 1.0 0.0e+00 0.0e+00 0.0e+00  2 20  0  0  0   2 20  0  0  0 48914
VecAssemblyBegin       2 1.0 1.4830e-03 1.2 0.00e+00 0.0 0.0e+00 0.0e+00 2.0e+00  0  0  0  0  0   0  0  0  0  0     0
VecAssemblyEnd         2 1.0 5.0068e-06 2.3 0.00e+00 0.0 0.0e+00 0.0e+00 0.0e+00  0  0  0  0  0   0  0  0  0  0     0
VecScatterBegin  40026244 1.0 6.6548e+01 1.9 0.00e+00 0.0 1.2e+09 8.0e+00 1.0e+00 15  0100100  0  15  0100100  0     0
VecScatterEnd    40026244 1.0 5.0614e+01 1.9 0.00e+00 0.0 0.0e+00 0.0e+00 0.0e+00 11  0  0  0  0  11  0  0  0  0     0
MatMultAdd       40026244 1.0 2.2743e+02 1.3 7.52e+10 1.0 1.2e+09 8.0e+00 1.0e+00 59 60100100  0  59 60100100  0  5280
MatAssemblyBegin       1 1.0 6.8390e-03 2.6 0.00e+00 0.0 0.0e+00 0.0e+00 1.0e+00  0  0  0  0  0   0  0  0  0  0     0
MatAssemblyEnd         1 1.0 1.8039e-02 1.0 0.00e+00 0.0 0.0e+00 0.0e+00 5.0e+00  0  0  0  0  0   0  0  0  0  0     0
SFSetGraph             1 1.0 1.1921e-06 0.0 0.00e+00 0.0 0.0e+00 0.0e+00 0.0e+00  0  0  0  0  0   0  0  0  0  0     0
SFSetUp                1 1.0 2.1329e-03 2.0 0.00e+00 0.0 6.0e+01 4.0e+00 1.0e+00  0  0  0  0  0   0  0  0  0  0     0
SFPack           40026244 1.0 8.8109e+00 1.7 0.00e+00 0.0 0.0e+00 0.0e+00 0.0e+00  2  0  0  0  0   2  0  0  0  0     0
SFUnpack         40026244 1.0 3.3171e+00 1.1 0.00e+00 0.0 0.0e+00 0.0e+00 0.0e+00  1  0  0  0  0   1  0  0  0  0     0
------------------------------------------------------------------------------------------------------------------------

Memory usage is given in bytes:

Object Type          Creations   Destructions     Memory  Descendants' Mem.
Reports information only for process 0.

--- Event Stage 0: Main Stage

              Vector     7              7        24664     0.
              Matrix     3              3        59724     0.
           Index Set     2              2         1788     0.
   Star Forest Graph     1              1         1200     0.
              Viewer     2              1          840     0.
========================================================================================================================
Average time to get PetscTime(): 0.
Average time for MPI_Barrier(): 1.62125e-05
Average time for zero size MPI_Send(): 4.99189e-06
#PETSc Option Table entries:
-log_view
-n 5001
#End of PETSc Option Table entries
Compiled without FORTRAN kernels
Compiled with full precision matrices (default)
sizeof(short) 2 sizeof(int) 4 sizeof(long) 8 sizeof(void*) 8 sizeof(PetscScalar) 8 sizeof(PetscInt) 4
Configure options: --with-mpi-dir=/share/intel/2018u4/compilers_and_libraries_2018.5.274/linux/mpi/intel64 --with-blaslapack-dir=/share/intel/2018u4/compilers_and_libraries_2018.5.274/linux/mkl --with-debugging=no --prefix=/work/mae-zhangyb/lib/petsc-3.16.6 --download-metis --download-mumps --download-hypre COPTFLAGS="-O3 -march=native -mtune=native" CXXOPTFLAGS="-O3 -march=native -mtune=native" FOPTFLAGS="-g -O3" --with-scalapack-include=/share/intel/2018u4/compilers_and_libraries_2018.5.274/linux/mkl/include --with-scalapack-lib="-L/share/intel/2018u4/compilers_and_libraries_2018.5.274/linux/mkl/lib/intel64/ -lmkl_blacs_intelmpi_lp64 -lmkl_scalapack_lp64"
-----------------------------------------
Libraries compiled on 2022-05-03 05:13:17 on login03 
Machine characteristics: Linux-3.10.0-862.el7.x86_64-x86_64-with-redhat-7.5-Maipo
Using PETSc directory: /work/mae-zhangyb/lib/petsc-3.16.6
Using PETSc arch: 
-----------------------------------------

Using C compiler: /share/intel/2018u4/compilers_and_libraries_2018.5.274/linux/mpi/intel64/bin/mpiicc  -fPIC -wd1572 -Wno-unknown-pragmas -O3 -march=native -mtune=native   
Using Fortran compiler: /share/intel/2018u4/compilers_and_libraries_2018.5.274/linux/mpi/intel64/bin/mpiifort  -fPIC -g -O3     
-----------------------------------------

Using include paths: -I/work/mae-zhangyb/lib/petsc-3.16.6/include -I/share/intel/2018u4/compilers_and_libraries_2018.5.274/linux/mpi/intel64/include
-----------------------------------------

Using C linker: /share/intel/2018u4/compilers_and_libraries_2018.5.274/linux/mpi/intel64/bin/mpiicc
Using Fortran linker: /share/intel/2018u4/compilers_and_libraries_2018.5.274/linux/mpi/intel64/bin/mpiifort
Using libraries: -Wl,-rpath,/work/mae-zhangyb/lib/petsc-3.16.6/lib -L/work/mae-zhangyb/lib/petsc-3.16.6/lib -lpetsc -Wl,-rpath,/work/mae-zhangyb/lib/petsc-3.16.6/lib -L/work/mae-zhangyb/lib/petsc-3.16.6/lib -L/share/intel/2018u4/compilers_and_libraries_2018.5.274/linux/mkl/lib/intel64/ -Wl,-rpath,/share/intel/2018u4/compilers_and_libraries_2018.5.274/linux/mkl/lib/intel64 -L/share/intel/2018u4/compilers_and_libraries_2018.5.274/linux/mkl/lib/intel64 -Wl,-rpath,/share/intel/2018u4/compilers_and_libraries_2018.5.274/linux/mpi/intel64/lib/debug_mt -L/share/intel/2018u4/compilers_and_libraries_2018.5.274/linux/mpi/intel64/lib/debug_mt -Wl,-rpath,/share/intel/2018u4/compilers_and_libraries_2018.5.274/linux/mpi/intel64/lib -L/share/intel/2018u4/compilers_and_libraries_2018.5.274/linux/mpi/intel64/lib -Wl,-rpath,/share/base/gcc/9.3.0/lib64 -L/share/base/gcc/9.3.0/lib64 -Wl,-rpath,/share/intel/2018u3/compilers_and_libraries_2018.3.222/linux/mkl/lib/intel64_lin -L/share/intel/2018u3/compilers_and_libraries_2018.3.222/linux/mkl/lib/intel64_lin -Wl,-rpath,/share/intel/2018u3/compilers_and_libraries_2018.3.222/linux/mpi/intel64/lib -L/share/intel/2018u3/compilers_and_libraries_2018.3.222/linux/mpi/intel64/lib -Wl,-rpath,/share/intel/2020u4/compilers_and_libraries_2020.4.304/linux/tbb/lib/intel64_lin/gcc4.8 -L/share/intel/2020u4/compilers_and_libraries_2020.4.304/linux/tbb/lib/intel64_lin/gcc4.8 -Wl,-rpath,/share/intel/2020u4/compilers_and_libraries_2020.4.304/linux/daal/lib/intel64_lin -L/share/intel/2020u4/compilers_and_libraries_2020.4.304/linux/daal/lib/intel64_lin -Wl,-rpath,/share/intel/2020u4/compilers_and_libraries_2020.4.304/linux/tbb/lib/intel64/gcc4.8 -L/share/intel/2020u4/compilers_and_libraries_2020.4.304/linux/tbb/lib/intel64/gcc4.8 -Wl,-rpath,/share/intel/2020u4/compilers_and_libraries_2020.4.304/linux/mkl/lib/intel64 -L/share/intel/2020u4/compilers_and_libraries_2020.4.304/linux/mkl/lib/intel64 -Wl,-rpath,/share/intel/2020u4/compilers_and_libraries_2020.4.304/linux/compiler/lib/intel64 -L/share/intel/2020u4/compilers_and_libraries_2020.4.304/linux/compiler/lib/intel64 -Wl,-rpath,/share/intel/2020u4/compilers_and_libraries_2020.4.304/linux/ipp/lib/intel64 -L/share/intel/2020u4/compilers_and_libraries_2020.4.304/linux/ipp/lib/intel64 -Wl,-rpath,/share/intel/2020u4/compilers_and_libraries_2020.4.304/linux/compiler/lib/intel64_lin -L/share/intel/2020u4/compilers_and_libraries_2020.4.304/linux/compiler/lib/intel64_lin -Wl,-rpath,/share/base/gcc/9.3.0/lib/gcc/x86_64-pc-linux-gnu/9.3.0 -L/share/base/gcc/9.3.0/lib/gcc/x86_64-pc-linux-gnu/9.3.0 -Wl,-rpath,/share/base/gcc/9.3.0/lib -L/share/base/gcc/9.3.0/lib -Wl,-rpath,/opt/intel/mpi-rt/2017.0.0/intel64/lib/debug_mt -Wl,-rpath,/opt/intel/mpi-rt/2017.0.0/intel64/lib -lHYPRE -lcmumps -ldmumps -lsmumps -lzmumps -lmumps_common -lpord -lmkl_blacs_intelmpi_lp64 -lmkl_scalapack_lp64 -lmkl_intel_lp64 -lmkl_core -lmkl_sequential -lpthread -lmetis -lX11 -lstdc++ -ldl -lmpifort -lmpi -lmpigi -lrt -lpthread -lifport -lifcoremt_pic -limf -lsvml -lm -lipgo -lirc -lgcc_s -lirc_s -lquadmath -lstdc++ -ldl
-----------------------------------------

