step = 40288512, norm = 2.43026e-06
Vec Object: 2 MPI processes
  type: mpi
Process [0]
1.79759
1.79759
1.79759
1.79759
1.79759
1.79759
1.79759
1.79759
1.79759
1.79759
1.79759
1.79759
1.79759
1.79759
1.79759
1.79759
1.79759
1.79759
1.79759
1.79759
1.79759
1.79759
1.79759
1.79759
1.79759
1.79759
1.79759
1.79759
1.79759
1.79759
1.79759
1.79759
1.79759
1.79759
1.79759
1.79759
1.79759
1.79759
1.79759
1.79759
1.79759
1.79759
1.79759
1.79759
1.79759
1.79759
1.79759
1.79759
1.79759
1.79759
1.79759
1.79759
1.79759
1.79759
1.79759
1.79759
1.79759
1.79759
1.79759
1.79759
1.79759
1.79759
1.79759
1.79759
1.79759
1.79759
1.79759
1.79759
1.79759
1.79759
1.79759
1.79759
1.79759
1.79759
1.79759
1.79759
1.79759
1.79758
1.79758
1.79758
1.79758
1.79758
1.79758
1.79758
1.79758
1.79758
1.79758
1.79758
1.79758
1.79758
1.79758
1.79758
1.79758
1.79758
1.79758
1.79758
1.79758
1.79758
1.79758
1.79758
1.79758
1.79758
1.79758
1.79758
1.79758
1.79758
1.79758
1.79758
1.79758
1.79758
1.79758
1.79758
1.79758
1.79758
1.79758
1.79758
1.79758
1.79758
1.79758
1.79758
1.79757
1.79757
1.79757
1.79757
1.79757
1.79757
1.79757
1.79757
1.79757
1.79757
1.79757
1.79757
1.79757
1.79757
1.79757
1.79757
1.79757
1.79757
1.79757
1.79757
1.79757
1.79757
1.79757
1.79757
1.79756
1.79756
1.79756
1.79756
1.79756
1.79756
1.79756
1.79756
1.79756
1.79756
1.79756
1.79756
1.79756
1.79756
1.79756
1.79756
1.79756
1.79755
1.79755
1.79755
1.79755
1.79755
1.79755
1.79755
1.79755
1.79755
1.79755
1.79755
1.79755
1.79755
1.79755
1.79755
1.79754
1.79754
1.79754
1.79754
1.79754
1.79754
1.79754
1.79754
1.79754
1.79754
1.79754
1.79754
1.79753
1.79753
1.79753
1.79753
1.79753
1.79753
1.79753
1.79753
1.79753
1.79753
1.79753
1.79752
1.79752
1.79752
1.79752
1.79752
1.79752
1.79752
1.79752
1.79752
1.79752
1.79751
1.79751
1.79751
1.79751
1.79751
1.79751
1.79751
1.79751
1.79751
1.7975
1.7975
1.7975
1.7975
1.7975
1.7975
1.7975
1.7975
1.79749
1.79749
1.79749
1.79749
1.79749
1.79749
1.79749
1.79749
1.79748
1.79748
1.79748
1.79748
1.79748
1.79748
1.79748
1.79747
1.79747
1.79747
1.79747
1.79747
1.79747
1.79747
1.79746
1.79746
1.79746
1.79746
1.79746
1.79746
1.79746
1.79745
1.79745
1.79745
1.79745
1.79745
1.79745
1.79744
1.79744
1.79744
1.79744
1.79744
1.79744
1.79743
1.79743
1.79743
1.79743
1.79743
1.79742
1.79742
1.79742
1.79742
1.79742
1.79742
1.79741
1.79741
1.79741
1.79741
1.79741
1.7974
1.7974
1.7974
1.7974
1.7974
1.79739
1.79739
1.79739
1.79739
1.79739
1.79738
1.79738
1.79738
1.79738
1.79738
1.79737
1.79737
1.79737
1.79737
1.79736
1.79736
1.79736
1.79736
1.79736
1.79735
1.79735
1.79735
1.79735
1.79734
1.79734
1.79734
1.79734
1.79733
1.79733
1.79733
1.79733
1.79732
1.79732
1.79732
1.79732
1.79731
1.79731
1.79731
1.79731
1.7973
1.7973
1.7973
1.7973
1.79729
1.79729
1.79729
1.79728
1.79728
1.79728
1.79728
1.79727
1.79727
1.79727
1.79727
1.79726
1.79726
1.79726
1.79725
1.79725
1.79725
1.79725
1.79724
1.79724
1.79724
1.79723
1.79723
1.79723
1.79722
1.79722
1.79722
1.79721
1.79721
1.79721
1.79721
1.7972
1.7972
1.7972
1.79719
1.79719
1.79719
1.79718
1.79718
1.79718
1.79717
1.79717
1.79717
1.79716
1.79716
1.79716
1.79715
1.79715
1.79715
1.79714
1.79714
1.79713
1.79713
1.79713
1.79712
1.79712
1.79712
1.79711
1.79711
1.79711
1.7971
1.7971
1.79709
1.79709
1.79709
1.79708
1.79708
1.79708
1.79707
1.79707
1.79706
1.79706
1.79706
1.79705
1.79705
1.79704
1.79704
1.79704
1.79703
1.79703
1.79702
1.79702
1.79702
1.79701
1.79701
1.797
1.797
1.79699
1.79699
1.79699
1.79698
1.79698
1.79697
1.79697
1.79696
1.79696
1.79696
1.79695
1.79695
1.79694
1.79694
1.79693
1.79693
1.79692
1.79692
1.79691
1.79691
1.79691
1.7969
1.7969
1.79689
1.79689
1.79688
1.79688
1.79687
1.79687
1.79686
1.79686
1.79685
1.79685
1.79684
1.79684
1.79683
1.79683
1.79682
1.79682
1.79681
1.79681
1.7968
1.7968
1.79679
1.79679
1.79678
1.79678
1.79677
1.79677
1.79676
1.79676
1.79675
1.79675
1.79674
1.79673
1.79673
1.79672
1.79672
1.79671
1.79671
1.7967
1.7967
1.79669
1.79669
1.79668
1.79667
1.79667
1.79666
1.79666
1.79665
1.79665
1.79664
1.79663
1.79663
1.79662
1.79662
1.79661
1.7966
1.7966
1.79659
1.79659
1.79658
1.79657
1.79657
1.79656
1.79656
1.79655
1.79654
1.79654
1.79653
1.79653
1.79652
1.79651
1.79651
1.7965
1.79649
1.79649
1.79648
1.79648
1.79647
1.79646
1.79646
1.79645
1.79644
1.79644
1.79643
1.79642
1.79642
1.79641
1.7964
1.7964
1.79639
1.79638
1.79638
1.79637
1.79636
1.79636
1.79635
1.79634
1.79634
1.79633
1.79632
1.79631
1.79631
1.7963
1.79629
1.79629
1.79628
1.79627
1.79627
1.79626
1.79625
1.79624
1.79624
1.79623
1.79622
1.79621
1.79621
1.7962
1.79619
1.79618
1.79618
1.79617
1.79616
1.79615
1.79615
1.79614
1.79613
1.79612
1.79612
1.79611
1.7961
1.79609
1.79609
1.79608
1.79607
1.79606
1.79605
1.79605
1.79604
1.79603
1.79602
1.79601
1.79601
1.796
1.79599
1.79598
1.79597
1.79597
1.79596
1.79595
1.79594
1.79593
1.79592
1.79592
1.79591
1.7959
1.79589
1.79588
1.79587
1.79587
1.79586
1.79585
1.79584
1.79583
1.79582
1.79581
1.79581
1.7958
1.79579
1.79578
1.79577
1.79576
1.79575
1.79574
1.79573
1.79573
1.79572
1.79571
1.7957
1.79569
1.79568
1.79567
1.79566
1.79565
1.79564
1.79564
1.79563
1.79562
1.79561
1.7956
1.79559
1.79558
1.79557
1.79556
1.79555
1.79554
1.79553
1.79552
1.79551
1.7955
1.79549
1.79548
1.79547
1.79546
1.79545
1.79544
1.79544
1.79543
1.79542
1.79541
1.7954
1.79539
1.79538
1.79537
1.79536
1.79535
1.79534
1.79533
1.79531
1.7953
1.79529
1.79528
1.79527
1.79526
1.79525
1.79524
1.79523
1.79522
1.79521
1.7952
1.79519
1.79518
1.79517
1.79516
1.79515
1.79514
1.79513
1.79512
1.79511
1.79509
1.79508
1.79507
1.79506
1.79505
1.79504
1.79503
1.79502
1.79501
1.795
1.79499
1.79497
1.79496
1.79495
1.79494
1.79493
1.79492
1.79491
1.7949
1.79488
1.79487
1.79486
1.79485
1.79484
1.79483
1.79482
1.7948
1.79479
1.79478
1.79477
1.79476
1.79475
1.79473
1.79472
1.79471
1.7947
1.79469
1.79467
1.79466
1.79465
1.79464
1.79463
1.79461
1.7946
1.79459
1.79458
1.79457
1.79455
1.79454
1.79453
1.79452
1.7945
1.79449
1.79448
1.79447
1.79445
1.79444
1.79443
1.79442
1.7944
1.79439
1.79438
1.79437
1.79435
1.79434
1.79433
1.79432
1.7943
1.79429
1.79428
1.79426
1.79425
1.79424
1.79422
1.79421
1.7942
1.79418
1.79417
1.79416
1.79415
1.79413
1.79412
1.79411
1.79409
1.79408
1.79407
1.79405
1.79404
1.79402
1.79401
1.794
1.79398
1.79397
1.79396
1.79394
1.79393
1.79391
1.7939
1.79389
1.79387
1.79386
1.79385
1.79383
1.79382
1.7938
1.79379
1.79378
1.79376
1.79375
1.79373
1.79372
1.7937
1.79369
1.79368
1.79366
1.79365
1.79363
1.79362
1.7936
1.79359
1.79357
1.79356
1.79354
1.79353
1.79351
1.7935
1.79349
1.79347
1.79346
1.79344
1.79343
1.79341
1.7934
1.79338
1.79337
1.79335
1.79334
1.79332
1.7933
1.79329
1.79327
1.79326
1.79324
1.79323
1.79321
1.7932
1.79318
1.79317
1.79315
1.79314
1.79312
1.7931
1.79309
1.79307
1.79306
1.79304
1.79303
1.79301
1.79299
1.79298
1.79296
1.79295
1.79293
1.79291
1.7929
1.79288
1.79286
1.79285
1.79283
1.79282
1.7928
1.79278
1.79277
1.79275
1.79273
1.79272
1.7927
1.79268
1.79267
1.79265
1.79263
1.79262
1.7926
1.79258
1.79257
1.79255
1.79253
1.79252
1.7925
1.79248
1.79247
1.79245
1.79243
1.79241
1.7924
1.79238
1.79236
1.79235
1.79233
1.79231
1.79229
1.79228
1.79226
1.79224
1.79222
1.79221
1.79219
1.79217
1.79215
1.79214
1.79212
1.7921
1.79208
1.79206
1.79205
1.79203
1.79201
1.79199
1.79197
1.79196
1.79194
1.79192
1.7919
1.79188
1.79187
1.79185
1.79183
1.79181
1.79179
1.79177
1.79176
1.79174
1.79172
1.7917
1.79168
1.79166
1.79164
1.79163
1.79161
1.79159
1.79157
1.79155
1.79153
1.79151
1.79149
1.79147
1.79146
1.79144
1.79142
1.7914
1.79138
1.79136
1.79134
1.79132
1.7913
1.79128
1.79126
1.79124
1.79122
1.7912
1.79118
1.79117
1.79115
1.79113
1.79111
1.79109
1.79107
1.79105
1.79103
1.79101
1.79099
1.79097
1.79095
1.79093
1.79091
1.79089
1.79087
1.79085
1.79083
1.79081
1.79079
1.79077
1.79075
1.79072
1.7907
1.79068
1.79066
1.79064
1.79062
1.7906
1.79058
1.79056
1.79054
1.79052
1.7905
1.79048
1.79046
1.79044
1.79041
1.79039
1.79037
1.79035
1.79033
1.79031
1.79029
1.79027
1.79025
1.79022
1.7902
1.79018
1.79016
1.79014
1.79012
1.7901
1.79007
1.79005
1.79003
1.79001
1.78999
1.78997
1.78994
1.78992
1.7899
1.78988
1.78986
1.78983
1.78981
1.78979
1.78977
1.78975
1.78972
1.7897
1.78968
1.78966
1.78963
1.78961
1.78959
1.78957
1.78954
1.78952
1.7895
1.78948
1.78945
1.78943
1.78941
1.78939
1.78936
1.78934
1.78932
1.78929
1.78927
1.78925
1.78923
1.7892
1.78918
1.78916
1.78913
1.78911
1.78909
1.78906
1.78904
1.78902
1.78899
1.78897
1.78895
1.78892
1.7889
1.78888
1.78885
1.78883
1.7888
1.78878
1.78876
1.78873
1.78871
1.78869
1.78866
1.78864
1.78861
1.78859
1.78857
1.78854
1.78852
1.78849
1.78847
1.78844
1.78842
1.7884
1.78837
1.78835
1.78832
1.7883
1.78827
1.78825
1.78822
1.7882
1.78817
1.78815
1.78813
1.7881
1.78808
1.78805
1.78803
1.788
1.78798
1.78795
1.78793
1.7879
1.78787
1.78785
1.78782
1.7878
1.78777
1.78775
1.78772
1.7877
1.78767
1.78765
1.78762
1.7876
1.78757
1.78754
1.78752
1.78749
1.78747
1.78744
1.78741
1.78739
1.78736
1.78734
1.78731
1.78728
1.78726
1.78723
1.78721
1.78718
1.78715
1.78713
1.7871
1.78707
1.78705
1.78702
1.787
1.78697
1.78694
1.78692
1.78689
1.78686
1.78684
1.78681
1.78678
1.78675
1.78673
1.7867
1.78667
1.78665
1.78662
1.78659
1.78657
1.78654
1.78651
1.78648
1.78646
1.78643
1.7864
1.78637
1.78635
1.78632
1.78629
1.78626
1.78624
1.78621
1.78618
1.78615
1.78613
1.7861
1.78607
1.78604
1.78601
1.78599
1.78596
1.78593
1.7859
1.78587
1.78585
1.78582
1.78579
1.78576
1.78573
1.7857
1.78568
1.78565
1.78562
1.78559
1.78556
1.78553
1.7855
1.78548
1.78545
1.78542
1.78539
1.78536
1.78533
1.7853
1.78527
1.78524
1.78522
1.78519
1.78516
1.78513
1.7851
1.78507
1.78504
1.78501
1.78498
1.78495
1.78492
1.78489
1.78486
1.78483
1.7848
1.78477
1.78474
1.78472
1.78469
1.78466
1.78463
1.7846
1.78457
1.78454
1.78451
1.78448
1.78445
1.78442
1.78439
1.78436
1.78433
1.78429
1.78426
1.78423
1.7842
1.78417
1.78414
1.78411
1.78408
1.78405
1.78402
1.78399
1.78396
1.78393
1.7839
1.78387
1.78384
1.7838
1.78377
1.78374
1.78371
1.78368
1.78365
1.78362
1.78359
1.78356
1.78352
1.78349
1.78346
1.78343
1.7834
1.78337
1.78334
1.7833
1.78327
1.78324
1.78321
1.78318
1.78315
1.78311
1.78308
1.78305
1.78302
1.78299
1.78295
1.78292
1.78289
1.78286
1.78283
1.78279
1.78276
1.78273
1.7827
1.78266
1.78263
1.7826
1.78257
1.78253
1.7825
1.78247
1.78244
1.7824
1.78237
1.78234
1.78231
1.78227
1.78224
1.78221
1.78217
1.78214
1.78211
1.78207
1.78204
1.78201
1.78198
1.78194
1.78191
1.78188
1.78184
1.78181
1.78178
1.78174
1.78171
1.78167
1.78164
1.78161
1.78157
1.78154
1.78151
1.78147
1.78144
1.7814
1.78137
1.78134
1.7813
1.78127
1.78123
1.7812
1.78117
1.78113
1.7811
1.78106
1.78103
1.781
1.78096
1.78093
1.78089
1.78086
1.78082
1.78079
1.78075
1.78072
1.78068
1.78065
1.78061
1.78058
1.78054
1.78051
1.78047
1.78044
1.7804
1.78037
1.78033
1.7803
1.78026
1.78023
1.78019
1.78016
1.78012
1.78009
1.78005
1.78002
1.77998
1.77995
1.77991
1.77987
1.77984
1.7798
1.77977
1.77973
1.7797
1.77966
1.77962
1.77959
1.77955
1.77952
1.77948
1.77944
1.77941
1.77937
1.77934
1.7793
1.77926
1.77923
1.77919
1.77915
1.77912
1.77908
1.77904
1.77901
1.77897
1.77893
1.7789
1.77886
1.77882
1.77879
1.77875
1.77871
1.77868
1.77864
1.7786
1.77857
1.77853
1.77849
1.77845
1.77842
1.77838
1.77834
1.7783
1.77827
1.77823
1.77819
1.77816
1.77812
1.77808
1.77804
1.778
1.77797
1.77793
1.77789
1.77785
1.77782
1.77778
1.77774
1.7777
1.77766
1.77763
1.77759
1.77755
1.77751
1.77747
1.77744
1.7774
1.77736
1.77732
1.77728
1.77724
1.77721
1.77717
1.77713
1.77709
1.77705
1.77701
1.77697
1.77693
1.7769
1.77686
1.77682
1.77678
1.77674
1.7767
1.77666
1.77662
1.77658
1.77655
1.77651
1.77647
1.77643
1.77639
1.77635
1.77631
1.77627
1.77623
1.77619
1.77615
1.77611
1.77607
1.77603
1.77599
1.77595
1.77591
1.77587
1.77583
1.77579
1.77575
1.77571
1.77567
1.77563
1.77559
1.77555
1.77551
1.77547
1.77543
1.77539
1.77535
1.77531
1.77527
1.77523
1.77519
1.77515
1.77511
1.77507
1.77503
1.77499
1.77495
1.77491
1.77487
1.77483
1.77479
1.77474
1.7747
1.77466
1.77462
1.77458
1.77454
1.7745
1.77446
1.77442
1.77438
1.77433
1.77429
1.77425
1.77421
1.77417
1.77413
1.77409
1.77404
1.774
1.77396
1.77392
1.77388
1.77384
1.77379
1.77375
1.77371
1.77367
1.77363
1.77359
1.77354
1.7735
1.77346
1.77342
1.77337
1.77333
1.77329
1.77325
1.77321
1.77316
1.77312
1.77308
1.77304
1.77299
1.77295
1.77291
1.77287
1.77282
1.77278
1.77274
1.7727
1.77265
1.77261
1.77257
1.77252
1.77248
1.77244
1.7724
1.77235
1.77231
1.77227
1.77222
1.77218
1.77214
1.77209
1.77205
1.77201
1.77196
1.77192
1.77188
1.77183
1.77179
1.77175
1.7717
1.77166
1.77162
1.77157
1.77153
1.77148
1.77144
1.7714
1.77135
1.77131
1.77127
1.77122
1.77118
1.77113
1.77109
1.77104
1.771
1.77096
1.77091
1.77087
1.77082
1.77078
1.77074
1.77069
1.77065
1.7706
1.77056
1.77051
1.77047
1.77042
1.77038
1.77033
1.77029
1.77024
1.7702
1.77015
1.77011
1.77006
1.77002
1.76997
1.76993
1.76988
1.76984
1.76979
1.76975
1.7697
1.76966
1.76961
1.76957
1.76952
1.76948
1.76943
1.76939
1.76934
1.7693
1.76925
1.7692
1.76916
1.76911
1.76907
1.76902
1.76898
1.76893
1.76888
1.76884
1.76879
1.76875
1.7687
1.76865
1.76861
1.76856
1.76852
1.76847
1.76842
1.76838
1.76833
1.76828
1.76824
1.76819
1.76815
1.7681
1.76805
1.76801
1.76796
1.76791
1.76787
1.76782
1.76777
1.76773
1.76768
1.76763
1.76759
1.76754
1.76749
1.76744
1.7674
1.76735
1.7673
1.76726
1.76721
1.76716
1.76711
1.76707
1.76702
1.76697
1.76693
1.76688
1.76683
1.76678
1.76674
1.76669
1.76664
1.76659
1.76655
1.7665
1.76645
1.7664
1.76635
1.76631
1.76626
1.76621
1.76616
1.76612
1.76607
1.76602
1.76597
1.76592
1.76588
1.76583
1.76578
1.76573
1.76568
1.76563
1.76559
1.76554
1.76549
1.76544
1.76539
1.76534
1.7653
1.76525
1.7652
1.76515
1.7651
1.76505
1.765
1.76495
1.76491
1.76486
1.76481
1.76476
1.76471
1.76466
1.76461
1.76456
1.76451
1.76447
1.76442
1.76437
1.76432
1.76427
1.76422
1.76417
1.76412
1.76407
1.76402
1.76397
1.76392
1.76387
1.76382
1.76377
1.76372
1.76368
1.76363
1.76358
1.76353
1.76348
1.76343
1.76338
1.76333
1.76328
1.76323
1.76318
1.76313
1.76308
1.76303
1.76298
1.76293
1.76288
1.76283
1.76278
1.76273
1.76268
1.76263
1.76258
1.76252
1.76247
1.76242
1.76237
1.76232
1.76227
1.76222
1.76217
1.76212
1.76207
1.76202
1.76197
1.76192
1.76187
1.76182
1.76177
1.76171
1.76166
1.76161
1.76156
1.76151
1.76146
1.76141
1.76136
1.76131
1.76125
1.7612
1.76115
1.7611
1.76105
1.761
1.76095
1.7609
1.76084
1.76079
1.76074
1.76069
1.76064
1.76059
1.76054
1.76048
1.76043
1.76038
1.76033
1.76028
1.76022
1.76017
1.76012
1.76007
1.76002
1.75997
1.75991
1.75986
1.75981
1.75976
1.75971
1.75965
1.7596
1.75955
1.7595
1.75944
1.75939
1.75934
1.75929
1.75923
1.75918
1.75913
1.75908
1.75903
1.75897
1.75892
1.75887
1.75881
1.75876
1.75871
1.75866
1.7586
1.75855
1.7585
1.75845
1.75839
1.75834
1.75829
1.75823
1.75818
1.75813
1.75808
1.75802
1.75797
1.75792
1.75786
1.75781
1.75776
1.7577
1.75765
1.7576
1.75754
1.75749
1.75744
1.75738
1.75733
1.75728
1.75722
1.75717
1.75712
1.75706
1.75701
1.75695
1.7569
1.75685
1.75679
1.75674
1.75669
1.75663
1.75658
1.75652
1.75647
1.75642
1.75636
1.75631
1.75625
1.7562
1.75615
1.75609
1.75604
1.75598
1.75593
1.75588
1.75582
1.75577
1.75571
1.75566
1.7556
1.75555
1.7555
1.75544
1.75539
1.75533
1.75528
1.75522
1.75517
1.75511
1.75506
1.755
1.75495
1.75489
1.75484
1.75478
1.75473
1.75468
1.75462
1.75457
1.75451
1.75446
1.7544
1.75435
1.75429
1.75424
1.75418
1.75413
1.75407
1.75402
1.75396
1.7539
1.75385
1.75379
1.75374
1.75368
1.75363
1.75357
1.75352
1.75346
1.75341
1.75335
1.7533
1.75324
1.75318
1.75313
1.75307
1.75302
1.75296
1.75291
1.75285
1.75279
1.75274
1.75268
1.75263
1.75257
1.75252
1.75246
1.7524
1.75235
1.75229
1.75224
1.75218
1.75212
1.75207
1.75201
1.75196
1.7519
1.75184
1.75179
1.75173
1.75167
1.75162
1.75156
1.75151
1.75145
1.75139
1.75134
1.75128
1.75122
1.75117
1.75111
1.75105
1.751
1.75094
1.75088
1.75083
1.75077
1.75071
1.75066
1.7506
1.75054
1.75049
1.75043
1.75037
1.75032
1.75026
1.7502
1.75015
1.75009
1.75003
1.74998
1.74992
1.74986
1.7498
1.74975
1.74969
1.74963
1.74958
1.74952
1.74946
1.7494
1.74935
1.74929
1.74923
1.74917
1.74912
1.74906
1.749
1.74894
1.74889
1.74883
1.74877
1.74871
1.74866
1.7486
1.74854
1.74848
1.74843
1.74837
1.74831
1.74825
1.7482
1.74814
1.74808
1.74802
1.74797
1.74791
1.74785
1.74779
1.74773
1.74768
1.74762
1.74756
1.7475
1.74744
1.74739
1.74733
1.74727
1.74721
1.74715
1.74709
1.74704
1.74698
1.74692
1.74686
1.7468
1.74675
1.74669
1.74663
1.74657
1.74651
1.74645
1.7464
1.74634
1.74628
1.74622
1.74616
1.7461
1.74604
1.74599
1.74593
1.74587
1.74581
1.74575
1.74569
1.74563
1.74558
1.74552
1.74546
1.7454
1.74534
1.74528
1.74522
1.74516
1.7451
1.74505
1.74499
1.74493
1.74487
1.74481
1.74475
1.74469
1.74463
1.74457
1.74451
1.74446
1.7444
1.74434
1.74428
1.74422
1.74416
1.7441
1.74404
1.74398
1.74392
1.74386
1.7438
1.74374
1.74369
1.74363
1.74357
1.74351
1.74345
1.74339
1.74333
1.74327
1.74321
1.74315
1.74309
1.74303
1.74297
1.74291
1.74285
1.74279
1.74273
1.74267
1.74261
1.74255
1.74249
1.74243
1.74237
1.74231
1.74225
1.74219
1.74213
1.74207
1.74201
1.74195
1.74189
1.74183
1.74177
1.74171
1.74165
1.74159
1.74153
1.74147
1.74141
1.74135
1.74129
1.74123
1.74117
1.74111
1.74105
1.74099
1.74093
1.74087
1.74081
1.74075
1.74069
1.74063
1.74057
1.74051
1.74045
1.74039
1.74033
1.74027
1.74021
1.74015
1.74009
1.74003
1.73997
1.73991
1.73985
1.73979
1.73973
1.73966
1.7396
1.73954
1.73948
1.73942
1.73936
1.7393
1.73924
1.73918
1.73912
1.73906
1.739
1.73894
1.73888
1.73881
1.73875
1.73869
1.73863
1.73857
1.73851
1.73845
1.73839
1.73833
1.73827
1.73821
1.73814
1.73808
1.73802
1.73796
1.7379
1.73784
1.73778
1.73772
1.73766
1.73759
1.73753
1.73747
1.73741
1.73735
1.73729
1.73723
1.73717
1.73711
1.73704
1.73698
1.73692
1.73686
1.7368
1.73674
1.73668
1.73661
1.73655
1.73649
1.73643
1.73637
1.73631
1.73625
1.73618
1.73612
1.73606
1.736
1.73594
1.73588
1.73582
1.73575
1.73569
1.73563
1.73557
1.73551
1.73545
1.73538
1.73532
1.73526
1.7352
1.73514
1.73508
1.73501
1.73495
1.73489
1.73483
1.73477
1.73471
1.73464
1.73458
1.73452
1.73446
1.7344
1.73433
1.73427
1.73421
1.73415
1.73409
1.73402
1.73396
1.7339
1.73384
1.73378
1.73371
1.73365
1.73359
1.73353
1.73347
1.7334
1.73334
1.73328
1.73322
1.73316
1.73309
1.73303
1.73297
1.73291
1.73285
1.73278
1.73272
1.73266
1.7326
1.73253
1.73247
1.73241
1.73235
1.73229
1.73222
1.73216
1.7321
1.73204
1.73197
1.73191
1.73185
1.73179
1.73173
1.73166
1.7316
1.73154
1.73148
1.73141
1.73135
1.73129
1.73123
1.73116
1.7311
1.73104
1.73098
1.73091
1.73085
1.73079
1.73073
1.73066
1.7306
1.73054
1.73048
1.73041
1.73035
1.73029
1.73023
1.73016
1.7301
1.73004
1.72997
1.72991
1.72985
1.72979
1.72972
1.72966
1.7296
1.72954
1.72947
1.72941
1.72935
1.72929
1.72922
1.72916
1.7291
1.72903
1.72897
1.72891
1.72885
1.72878
1.72872
1.72866
1.72859
1.72853
1.72847
1.72841
1.72834
1.72828
1.72822
1.72815
1.72809
1.72803
1.72797
1.7279
1.72784
1.72778
1.72771
1.72765
1.72759
1.72753
1.72746
1.7274
1.72734
1.72727
1.72721
1.72715
1.72708
1.72702
1.72696
1.7269
1.72683
1.72677
1.72671
1.72664
1.72658
1.72652
1.72645
1.72639
1.72633
1.72627
1.7262
1.72614
1.72608
1.72601
1.72595
1.72589
1.72582
1.72576
1.7257
1.72563
1.72557
1.72551
1.72544
1.72538
1.72532
1.72525
1.72519
1.72513
1.72507
1.725
1.72494
1.72488
1.72481
1.72475
1.72469
1.72462
1.72456
1.7245
1.72443
1.72437
1.72431
1.72424
1.72418
1.72412
1.72405
1.72399
1.72393
1.72386
1.7238
1.72374
1.72367
1.72361
1.72355
1.72348
1.72342
1.72336
1.72329
1.72323
1.72317
1.7231
1.72304
1.72298
1.72291
1.72285
1.72279
1.72272
1.72266
1.7226
1.72253
1.72247
1.72241
1.72234
1.72228
1.72222
1.72215
1.72209
1.72203
1.72196
1.7219
1.72184
1.72177
1.72171
1.72165
1.72158
1.72152
1.72146
1.72139
1.72133
1.72127
1.7212
1.72114
1.72107
1.72101
1.72095
1.72088
1.72082
1.72076
1.72069
1.72063
1.72057
1.7205
1.72044
1.72038
1.72031
1.72025
1.72019
1.72012
1.72006
1.72
1.71993
1.71987
1.71981
1.71974
1.71968
1.71962
1.71955
1.71949
1.71942
1.71936
1.7193
1.71923
1.71917
1.71911
1.71904
1.71898
1.71892
1.71885
1.71879
1.71873
1.71866
1.7186
1.71854
1.71847
1.71841
1.71835
1.71828
Process [1]
1.71822
1.71815
1.71809
1.71803
1.71796
1.7179
1.71784
1.71777
1.71771
1.71765
1.71758
1.71752
1.71746
1.71739
1.71733
1.71727
1.7172
1.71714
1.71708
1.71701
1.71695
1.71689
1.71682
1.71676
1.71669
1.71663
1.71657
1.7165
1.71644
1.71638
1.71631
1.71625
1.71619
1.71612
1.71606
1.716
1.71593
1.71587
1.71581
1.71574
1.71568
1.71562
1.71555
1.71549
1.71543
1.71536
1.7153
1.71524
1.71517
1.71511
1.71504
1.71498
1.71492
1.71485
1.71479
1.71473
1.71466
1.7146
1.71454
1.71447
1.71441
1.71435
1.71428
1.71422
1.71416
1.71409
1.71403
1.71397
1.7139
1.71384
1.71378
1.71371
1.71365
1.71359
1.71352
1.71346
1.7134
1.71333
1.71327
1.71321
1.71314
1.71308
1.71302
1.71295
1.71289
1.71283
1.71276
1.7127
1.71264
1.71257
1.71251
1.71245
1.71238
1.71232
1.71226
1.71219
1.71213
1.71207
1.712
1.71194
1.71188
1.71181
1.71175
1.71169
1.71162
1.71156
1.7115
1.71144
1.71137
1.71131
1.71125
1.71118
1.71112
1.71106
1.71099
1.71093
1.71087
1.7108
1.71074
1.71068
1.71061
1.71055
1.71049
1.71042
1.71036
1.7103
1.71024
1.71017
1.71011
1.71005
1.70998
1.70992
1.70986
1.70979
1.70973
1.70967
1.7096
1.70954
1.70948
1.70942
1.70935
1.70929
1.70923
1.70916
1.7091
1.70904
1.70898
1.70891
1.70885
1.70879
1.70872
1.70866
1.7086
1.70853
1.70847
1.70841
1.70835
1.70828
1.70822
1.70816
1.70809
1.70803
1.70797
1.70791
1.70784
1.70778
1.70772
1.70765
1.70759
1.70753
1.70747
1.7074
1.70734
1.70728
1.70722
1.70715
1.70709
1.70703
1.70696
1.7069
1.70684
1.70678
1.70671
1.70665
1.70659
1.70653
1.70646
1.7064
1.70634
1.70628
1.70621
1.70615
1.70609
1.70603
1.70596
1.7059
1.70584
1.70578
1.70571
1.70565
1.70559
1.70553
1.70546
1.7054
1.70534
1.70528
1.70521
1.70515
1.70509
1.70503
1.70496
1.7049
1.70484
1.70478
1.70471
1.70465
1.70459
1.70453
1.70446
1.7044
1.70434
1.70428
1.70422
1.70415
1.70409
1.70403
1.70397
1.7039
1.70384
1.70378
1.70372
1.70366
1.70359
1.70353
1.70347
1.70341
1.70335
1.70328
1.70322
1.70316
1.7031
1.70303
1.70297
1.70291
1.70285
1.70279
1.70272
1.70266
1.7026
1.70254
1.70248
1.70242
1.70235
1.70229
1.70223
1.70217
1.70211
1.70204
1.70198
1.70192
1.70186
1.7018
1.70173
1.70167
1.70161
1.70155
1.70149
1.70143
1.70136
1.7013
1.70124
1.70118
1.70112
1.70106
1.70099
1.70093
1.70087
1.70081
1.70075
1.70069
1.70063
1.70056
1.7005
1.70044
1.70038
1.70032
1.70026
1.70019
1.70013
1.70007
1.70001
1.69995
1.69989
1.69983
1.69977
1.6997
1.69964
1.69958
1.69952
1.69946
1.6994
1.69934
1.69927
1.69921
1.69915
1.69909
1.69903
1.69897
1.69891
1.69885
1.69879
1.69872
1.69866
1.6986
1.69854
1.69848
1.69842
1.69836
1.6983
1.69824
1.69818
1.69811
1.69805
1.69799
1.69793
1.69787
1.69781
1.69775
1.69769
1.69763
1.69757
1.69751
1.69745
1.69738
1.69732
1.69726
1.6972
1.69714
1.69708
1.69702
1.69696
1.6969
1.69684
1.69678
1.69672
1.69666
1.6966
1.69654
1.69648
1.69641
1.69635
1.69629
1.69623
1.69617
1.69611
1.69605
1.69599
1.69593
1.69587
1.69581
1.69575
1.69569
1.69563
1.69557
1.69551
1.69545
1.69539
1.69533
1.69527
1.69521
1.69515
1.69509
1.69503
1.69497
1.69491
1.69485
1.69479
1.69473
1.69467
1.69461
1.69455
1.69449
1.69443
1.69437
1.69431
1.69425
1.69419
1.69413
1.69407
1.69401
1.69395
1.69389
1.69383
1.69377
1.69371
1.69365
1.69359
1.69353
1.69347
1.69341
1.69335
1.69329
1.69324
1.69318
1.69312
1.69306
1.693
1.69294
1.69288
1.69282
1.69276
1.6927
1.69264
1.69258
1.69252
1.69246
1.6924
1.69234
1.69229
1.69223
1.69217
1.69211
1.69205
1.69199
1.69193
1.69187
1.69181
1.69175
1.69169
1.69164
1.69158
1.69152
1.69146
1.6914
1.69134
1.69128
1.69122
1.69116
1.69111
1.69105
1.69099
1.69093
1.69087
1.69081
1.69075
1.6907
1.69064
1.69058
1.69052
1.69046
1.6904
1.69034
1.69029
1.69023
1.69017
1.69011
1.69005
1.68999
1.68993
1.68988
1.68982
1.68976
1.6897
1.68964
1.68959
1.68953
1.68947
1.68941
1.68935
1.68929
1.68924
1.68918
1.68912
1.68906
1.689
1.68895
1.68889
1.68883
1.68877
1.68871
1.68866
1.6886
1.68854
1.68848
1.68843
1.68837
1.68831
1.68825
1.68819
1.68814
1.68808
1.68802
1.68796
1.68791
1.68785
1.68779
1.68773
1.68768
1.68762
1.68756
1.6875
1.68745
1.68739
1.68733
1.68727
1.68722
1.68716
1.6871
1.68705
1.68699
1.68693
1.68687
1.68682
1.68676
1.6867
1.68665
1.68659
1.68653
1.68647
1.68642
1.68636
1.6863
1.68625
1.68619
1.68613
1.68608
1.68602
1.68596
1.68591
1.68585
1.68579
1.68574
1.68568
1.68562
1.68557
1.68551
1.68545
1.6854
1.68534
1.68528
1.68523
1.68517
1.68511
1.68506
1.685
1.68495
1.68489
1.68483
1.68478
1.68472
1.68466
1.68461
1.68455
1.6845
1.68444
1.68438
1.68433
1.68427
1.68422
1.68416
1.6841
1.68405
1.68399
1.68394
1.68388
1.68382
1.68377
1.68371
1.68366
1.6836
1.68355
1.68349
1.68343
1.68338
1.68332
1.68327
1.68321
1.68316
1.6831
1.68305
1.68299
1.68294
1.68288
1.68282
1.68277
1.68271
1.68266
1.6826
1.68255
1.68249
1.68244
1.68238
1.68233
1.68227
1.68222
1.68216
1.68211
1.68205
1.682
1.68194
1.68189
1.68183
1.68178
1.68172
1.68167
1.68161
1.68156
1.68151
1.68145
1.6814
1.68134
1.68129
1.68123
1.68118
1.68112
1.68107
1.68101
1.68096
1.68091
1.68085
1.6808
1.68074
1.68069
1.68063
1.68058
1.68053
1.68047
1.68042
1.68036
1.68031
1.68026
1.6802
1.68015
1.68009
1.68004
1.67999
1.67993
1.67988
1.67982
1.67977
1.67972
1.67966
1.67961
1.67956
1.6795
1.67945
1.67939
1.67934
1.67929
1.67923
1.67918
1.67913
1.67907
1.67902
1.67897
1.67891
1.67886
1.67881
1.67875
1.6787
1.67865
1.67859
1.67854
1.67849
1.67844
1.67838
1.67833
1.67828
1.67822
1.67817
1.67812
1.67807
1.67801
1.67796
1.67791
1.67785
1.6778
1.67775
1.6777
1.67764
1.67759
1.67754
1.67749
1.67743
1.67738
1.67733
1.67728
1.67722
1.67717
1.67712
1.67707
1.67701
1.67696
1.67691
1.67686
1.67681
1.67675
1.6767
1.67665
1.6766
1.67655
1.67649
1.67644
1.67639
1.67634
1.67629
1.67624
1.67618
1.67613
1.67608
1.67603
1.67598
1.67593
1.67587
1.67582
1.67577
1.67572
1.67567
1.67562
1.67557
1.67551
1.67546
1.67541
1.67536
1.67531
1.67526
1.67521
1.67516
1.6751
1.67505
1.675
1.67495
1.6749
1.67485
1.6748
1.67475
1.6747
1.67465
1.6746
1.67454
1.67449
1.67444
1.67439
1.67434
1.67429
1.67424
1.67419
1.67414
1.67409
1.67404
1.67399
1.67394
1.67389
1.67384
1.67379
1.67374
1.67369
1.67364
1.67359
1.67354
1.67349
1.67344
1.67339
1.67334
1.67329
1.67324
1.67319
1.67314
1.67309
1.67304
1.67299
1.67294
1.67289
1.67284
1.67279
1.67274
1.67269
1.67264
1.67259
1.67254
1.67249
1.67244
1.67239
1.67234
1.6723
1.67225
1.6722
1.67215
1.6721
1.67205
1.672
1.67195
1.6719
1.67185
1.6718
1.67176
1.67171
1.67166
1.67161
1.67156
1.67151
1.67146
1.67141
1.67137
1.67132
1.67127
1.67122
1.67117
1.67112
1.67107
1.67103
1.67098
1.67093
1.67088
1.67083
1.67079
1.67074
1.67069
1.67064
1.67059
1.67054
1.6705
1.67045
1.6704
1.67035
1.6703
1.67026
1.67021
1.67016
1.67011
1.67007
1.67002
1.66997
1.66992
1.66988
1.66983
1.66978
1.66973
1.66969
1.66964
1.66959
1.66954
1.6695
1.66945
1.6694
1.66935
1.66931
1.66926
1.66921
1.66917
1.66912
1.66907
1.66903
1.66898
1.66893
1.66888
1.66884
1.66879
1.66874
1.6687
1.66865
1.6686
1.66856
1.66851
1.66846
1.66842
1.66837
1.66833
1.66828
1.66823
1.66819
1.66814
1.66809
1.66805
1.668
1.66796
1.66791
1.66786
1.66782
1.66777
1.66773
1.66768
1.66763
1.66759
1.66754
1.6675
1.66745
1.66741
1.66736
1.66731
1.66727
1.66722
1.66718
1.66713
1.66709
1.66704
1.667
1.66695
1.6669
1.66686
1.66681
1.66677
1.66672
1.66668
1.66663
1.66659
1.66654
1.6665
1.66645
1.66641
1.66636
1.66632
1.66627
1.66623
1.66619
1.66614
1.6661
1.66605
1.66601
1.66596
1.66592
1.66587
1.66583
1.66578
1.66574
1.6657
1.66565
1.66561
1.66556
1.66552
1.66547
1.66543
1.66539
1.66534
1.6653
1.66525
1.66521
1.66517
1.66512
1.66508
1.66504
1.66499
1.66495
1.6649
1.66486
1.66482
1.66477
1.66473
1.66469
1.66464
1.6646
1.66456
1.66451
1.66447
1.66443
1.66438
1.66434
1.6643
1.66425
1.66421
1.66417
1.66412
1.66408
1.66404
1.664
1.66395
1.66391
1.66387
1.66383
1.66378
1.66374
1.6637
1.66365
1.66361
1.66357
1.66353
1.66348
1.66344
1.6634
1.66336
1.66332
1.66327
1.66323
1.66319
1.66315
1.6631
1.66306
1.66302
1.66298
1.66294
1.66289
1.66285
1.66281
1.66277
1.66273
1.66269
1.66264
1.6626
1.66256
1.66252
1.66248
1.66244
1.6624
1.66235
1.66231
1.66227
1.66223
1.66219
1.66215
1.66211
1.66206
1.66202
1.66198
1.66194
1.6619
1.66186
1.66182
1.66178
1.66174
1.6617
1.66166
1.66162
1.66157
1.66153
1.66149
1.66145
1.66141
1.66137
1.66133
1.66129
1.66125
1.66121
1.66117
1.66113
1.66109
1.66105
1.66101
1.66097
1.66093
1.66089
1.66085
1.66081
1.66077
1.66073
1.66069
1.66065
1.66061
1.66057
1.66053
1.66049
1.66045
1.66041
1.66037
1.66033
1.66029
1.66025
1.66021
1.66018
1.66014
1.6601
1.66006
1.66002
1.65998
1.65994
1.6599
1.65986
1.65982
1.65978
1.65975
1.65971
1.65967
1.65963
1.65959
1.65955
1.65951
1.65947
1.65944
1.6594
1.65936
1.65932
1.65928
1.65924
1.6592
1.65917
1.65913
1.65909
1.65905
1.65901
1.65898
1.65894
1.6589
1.65886
1.65882
1.65879
1.65875
1.65871
1.65867
1.65863
1.6586
1.65856
1.65852
1.65848
1.65845
1.65841
1.65837
1.65833
1.6583
1.65826
1.65822
1.65818
1.65815
1.65811
1.65807
1.65804
1.658
1.65796
1.65792
1.65789
1.65785
1.65781
1.65778
1.65774
1.6577
1.65767
1.65763
1.65759
1.65756
1.65752
1.65748
1.65745
1.65741
1.65737
1.65734
1.6573
1.65726
1.65723
1.65719
1.65716
1.65712
1.65708
1.65705
1.65701
1.65698
1.65694
1.6569
1.65687
1.65683
1.6568
1.65676
1.65672
1.65669
1.65665
1.65662
1.65658
1.65655
1.65651
1.65648
1.65644
1.65641
1.65637
1.65633
1.6563
1.65626
1.65623
1.65619
1.65616
1.65612
1.65609
1.65605
1.65602
1.65598
1.65595
1.65591
1.65588
1.65584
1.65581
1.65578
1.65574
1.65571
1.65567
1.65564
1.6556
1.65557
1.65553
1.6555
1.65547
1.65543
1.6554
1.65536
1.65533
1.65529
1.65526
1.65523
1.65519
1.65516
1.65512
1.65509
1.65506
1.65502
1.65499
1.65496
1.65492
1.65489
1.65486
1.65482
1.65479
1.65475
1.65472
1.65469
1.65465
1.65462
1.65459
1.65455
1.65452
1.65449
1.65446
1.65442
1.65439
1.65436
1.65432
1.65429
1.65426
1.65423
1.65419
1.65416
1.65413
1.65409
1.65406
1.65403
1.654
1.65396
1.65393
1.6539
1.65387
1.65383
1.6538
1.65377
1.65374
1.65371
1.65367
1.65364
1.65361
1.65358
1.65355
1.65351
1.65348
1.65345
1.65342
1.65339
1.65335
1.65332
1.65329
1.65326
1.65323
1.6532
1.65316
1.65313
1.6531
1.65307
1.65304
1.65301
1.65298
1.65295
1.65291
1.65288
1.65285
1.65282
1.65279
1.65276
1.65273
1.6527
1.65267
1.65264
1.6526
1.65257
1.65254
1.65251
1.65248
1.65245
1.65242
1.65239
1.65236
1.65233
1.6523
1.65227
1.65224
1.65221
1.65218
1.65215
1.65212
1.65209
1.65206
1.65203
1.652
1.65197
1.65194
1.65191
1.65188
1.65185
1.65182
1.65179
1.65176
1.65173
1.6517
1.65167
1.65164
1.65161
1.65158
1.65155
1.65152
1.65149
1.65147
1.65144
1.65141
1.65138
1.65135
1.65132
1.65129
1.65126
1.65123
1.6512
1.65117
1.65115
1.65112
1.65109
1.65106
1.65103
1.651
1.65097
1.65095
1.65092
1.65089
1.65086
1.65083
1.6508
1.65077
1.65075
1.65072
1.65069
1.65066
1.65063
1.65061
1.65058
1.65055
1.65052
1.65049
1.65047
1.65044
1.65041
1.65038
1.65035
1.65033
1.6503
1.65027
1.65024
1.65022
1.65019
1.65016
1.65013
1.65011
1.65008
1.65005
1.65003
1.65
1.64997
1.64994
1.64992
1.64989
1.64986
1.64984
1.64981
1.64978
1.64976
1.64973
1.6497
1.64968
1.64965
1.64962
1.6496
1.64957
1.64954
1.64952
1.64949
1.64946
1.64944
1.64941
1.64938
1.64936
1.64933
1.64931
1.64928
1.64925
1.64923
1.6492
1.64917
1.64915
1.64912
1.6491
1.64907
1.64905
1.64902
1.64899
1.64897
1.64894
1.64892
1.64889
1.64887
1.64884
1.64882
1.64879
1.64876
1.64874
1.64871
1.64869
1.64866
1.64864
1.64861
1.64859
1.64856
1.64854
1.64851
1.64849
1.64846
1.64844
1.64841
1.64839
1.64836
1.64834
1.64832
1.64829
1.64827
1.64824
1.64822
1.64819
1.64817
1.64814
1.64812
1.64809
1.64807
1.64805
1.64802
1.648
1.64797
1.64795
1.64793
1.6479
1.64788
1.64785
1.64783
1.64781
1.64778
1.64776
1.64774
1.64771
1.64769
1.64766
1.64764
1.64762
1.64759
1.64757
1.64755
1.64752
1.6475
1.64748
1.64745
1.64743
1.64741
1.64738
1.64736
1.64734
1.64731
1.64729
1.64727
1.64725
1.64722
1.6472
1.64718
1.64715
1.64713
1.64711
1.64709
1.64706
1.64704
1.64702
1.647
1.64697
1.64695
1.64693
1.64691
1.64688
1.64686
1.64684
1.64682
1.6468
1.64677
1.64675
1.64673
1.64671
1.64669
1.64666
1.64664
1.64662
1.6466
1.64658
1.64655
1.64653
1.64651
1.64649
1.64647
1.64645
1.64643
1.6464
1.64638
1.64636
1.64634
1.64632
1.6463
1.64628
1.64625
1.64623
1.64621
1.64619
1.64617
1.64615
1.64613
1.64611
1.64609
1.64607
1.64604
1.64602
1.646
1.64598
1.64596
1.64594
1.64592
1.6459
1.64588
1.64586
1.64584
1.64582
1.6458
1.64578
1.64576
1.64574
1.64572
1.6457
1.64568
1.64566
1.64564
1.64562
1.6456
1.64558
1.64556
1.64554
1.64552
1.6455
1.64548
1.64546
1.64544
1.64542
1.6454
1.64538
1.64536
1.64534
1.64532
1.6453
1.64528
1.64526
1.64524
1.64522
1.6452
1.64518
1.64517
1.64515
1.64513
1.64511
1.64509
1.64507
1.64505
1.64503
1.64501
1.64499
1.64498
1.64496
1.64494
1.64492
1.6449
1.64488
1.64486
1.64485
1.64483
1.64481
1.64479
1.64477
1.64475
1.64473
1.64472
1.6447
1.64468
1.64466
1.64464
1.64463
1.64461
1.64459
1.64457
1.64455
1.64454
1.64452
1.6445
1.64448
1.64446
1.64445
1.64443
1.64441
1.64439
1.64438
1.64436
1.64434
1.64432
1.6443
1.64429
1.64427
1.64425
1.64424
1.64422
1.6442
1.64418
1.64417
1.64415
1.64413
1.64411
1.6441
1.64408
1.64406
1.64405
1.64403
1.64401
1.644
1.64398
1.64396
1.64395
1.64393
1.64391
1.6439
1.64388
1.64386
1.64385
1.64383
1.64381
1.6438
1.64378
1.64376
1.64375
1.64373
1.64372
1.6437
1.64368
1.64367
1.64365
1.64363
1.64362
1.6436
1.64359
1.64357
1.64355
1.64354
1.64352
1.64351
1.64349
1.64348
1.64346
1.64344
1.64343
1.64341
1.6434
1.64338
1.64337
1.64335
1.64334
1.64332
1.6433
1.64329
1.64327
1.64326
1.64324
1.64323
1.64321
1.6432
1.64318
1.64317
1.64315
1.64314
1.64312
1.64311
1.64309
1.64308
1.64306
1.64305
1.64303
1.64302
1.643
1.64299
1.64298
1.64296
1.64295
1.64293
1.64292
1.6429
1.64289
1.64287
1.64286
1.64285
1.64283
1.64282
1.6428
1.64279
1.64277
1.64276
1.64275
1.64273
1.64272
1.6427
1.64269
1.64268
1.64266
1.64265
1.64263
1.64262
1.64261
1.64259
1.64258
1.64257
1.64255
1.64254
1.64253
1.64251
1.6425
1.64249
1.64247
1.64246
1.64245
1.64243
1.64242
1.64241
1.64239
1.64238
1.64237
1.64235
1.64234
1.64233
1.64231
1.6423
1.64229
1.64227
1.64226
1.64225
1.64224
1.64222
1.64221
1.6422
1.64218
1.64217
1.64216
1.64215
1.64213
1.64212
1.64211
1.6421
1.64208
1.64207
1.64206
1.64205
1.64203
1.64202
1.64201
1.642
1.64199
1.64197
1.64196
1.64195
1.64194
1.64193
1.64191
1.6419
1.64189
1.64188
1.64187
1.64185
1.64184
1.64183
1.64182
1.64181
1.64179
1.64178
1.64177
1.64176
1.64175
1.64174
1.64173
1.64171
1.6417
1.64169
1.64168
1.64167
1.64166
1.64165
1.64163
1.64162
1.64161
1.6416
1.64159
1.64158
1.64157
1.64156
1.64155
1.64153
1.64152
1.64151
1.6415
1.64149
1.64148
1.64147
1.64146
1.64145
1.64144
1.64143
1.64142
1.6414
1.64139
1.64138
1.64137
1.64136
1.64135
1.64134
1.64133
1.64132
1.64131
1.6413
1.64129
1.64128
1.64127
1.64126
1.64125
1.64124
1.64123
1.64122
1.64121
1.6412
1.64119
1.64118
1.64117
1.64116
1.64115
1.64114
1.64113
1.64112
1.64111
1.6411
1.64109
1.64108
1.64107
1.64106
1.64105
1.64104
1.64103
1.64102
1.64101
1.641
1.64099
1.64098
1.64098
1.64097
1.64096
1.64095
1.64094
1.64093
1.64092
1.64091
1.6409
1.64089
1.64088
1.64087
1.64086
1.64086
1.64085
1.64084
1.64083
1.64082
1.64081
1.6408
1.64079
1.64078
1.64078
1.64077
1.64076
1.64075
1.64074
1.64073
1.64072
1.64072
1.64071
1.6407
1.64069
1.64068
1.64067
1.64066
1.64066
1.64065
1.64064
1.64063
1.64062
1.64061
1.64061
1.6406
1.64059
1.64058
1.64057
1.64057
1.64056
1.64055
1.64054
1.64053
1.64053
1.64052
1.64051
1.6405
1.64049
1.64049
1.64048
1.64047
1.64046
1.64045
1.64045
1.64044
1.64043
1.64042
1.64042
1.64041
1.6404
1.64039
1.64039
1.64038
1.64037
1.64036
1.64036
1.64035
1.64034
1.64033
1.64033
1.64032
1.64031
1.64031
1.6403
1.64029
1.64028
1.64028
1.64027
1.64026
1.64026
1.64025
1.64024
1.64024
1.64023
1.64022
1.64021
1.64021
1.6402
1.64019
1.64019
1.64018
1.64017
1.64017
1.64016
1.64015
1.64015
1.64014
1.64013
1.64013
1.64012
1.64011
1.64011
1.6401
1.64009
1.64009
1.64008
1.64008
1.64007
1.64006
1.64006
1.64005
1.64004
1.64004
1.64003
1.64003
1.64002
1.64001
1.64001
1.64
1.63999
1.63999
1.63998
1.63998
1.63997
1.63996
1.63996
1.63995
1.63995
1.63994
1.63994
1.63993
1.63992
1.63992
1.63991
1.63991
1.6399
1.6399
1.63989
1.63988
1.63988
1.63987
1.63987
1.63986
1.63986
1.63985
1.63985
1.63984
1.63983
1.63983
1.63982
1.63982
1.63981
1.63981
1.6398
1.6398
1.63979
1.63979
1.63978
1.63978
1.63977
1.63977
1.63976
1.63976
1.63975
1.63975
1.63974
1.63974
1.63973
1.63973
1.63972
1.63972
1.63971
1.63971
1.6397
1.6397
1.63969
1.63969
1.63968
1.63968
1.63967
1.63967
1.63966
1.63966
1.63965
1.63965
1.63964
1.63964
1.63964
1.63963
1.63963
1.63962
1.63962
1.63961
1.63961
1.6396
1.6396
1.6396
1.63959
1.63959
1.63958
1.63958
1.63957
1.63957
1.63957
1.63956
1.63956
1.63955
1.63955
1.63954
1.63954
1.63954
1.63953
1.63953
1.63952
1.63952
1.63952
1.63951
1.63951
1.6395
1.6395
1.6395
1.63949
1.63949
1.63948
1.63948
1.63948
1.63947
1.63947
1.63947
1.63946
1.63946
1.63945
1.63945
1.63945
1.63944
1.63944
1.63944
1.63943
1.63943
1.63943
1.63942
1.63942
1.63942
1.63941
1.63941
1.6394
1.6394
1.6394
1.63939
1.63939
1.63939
1.63938
1.63938
1.63938
1.63937
1.63937
1.63937
1.63936
1.63936
1.63936
1.63936
1.63935
1.63935
1.63935
1.63934
1.63934
1.63934
1.63933
1.63933
1.63933
1.63932
1.63932
1.63932
1.63932
1.63931
1.63931
1.63931
1.6393
1.6393
1.6393
1.6393
1.63929
1.63929
1.63929
1.63928
1.63928
1.63928
1.63928
1.63927
1.63927
1.63927
1.63927
1.63926
1.63926
1.63926
1.63925
1.63925
1.63925
1.63925
1.63924
1.63924
1.63924
1.63924
1.63923
1.63923
1.63923
1.63923
1.63922
1.63922
1.63922
1.63922
1.63922
1.63921
1.63921
1.63921
1.63921
1.6392
1.6392
1.6392
1.6392
1.6392
1.63919
1.63919
1.63919
1.63919
1.63918
1.63918
1.63918
1.63918
1.63918
1.63917
1.63917
1.63917
1.63917
1.63917
1.63916
1.63916
1.63916
1.63916
1.63916
1.63915
1.63915
1.63915
1.63915
1.63915
1.63914
1.63914
1.63914
1.63914
1.63914
1.63914
1.63913
1.63913
1.63913
1.63913
1.63913
1.63912
1.63912
1.63912
1.63912
1.63912
1.63912
1.63911
1.63911
1.63911
1.63911
1.63911
1.63911
1.63911
1.6391
1.6391
1.6391
1.6391
1.6391
1.6391
1.63909
1.63909
1.63909
1.63909
1.63909
1.63909
1.63909
1.63908
1.63908
1.63908
1.63908
1.63908
1.63908
1.63908
1.63908
1.63907
1.63907
1.63907
1.63907
1.63907
1.63907
1.63907
1.63907
1.63906
1.63906
1.63906
1.63906
1.63906
1.63906
1.63906
1.63906
1.63905
1.63905
1.63905
1.63905
1.63905
1.63905
1.63905
1.63905
1.63905
1.63904
1.63904
1.63904
1.63904
1.63904
1.63904
1.63904
1.63904
1.63904
1.63904
1.63904
1.63903
1.63903
1.63903
1.63903
1.63903
1.63903
1.63903
1.63903
1.63903
1.63903
1.63903
1.63902
1.63902
1.63902
1.63902
1.63902
1.63902
1.63902
1.63902
1.63902
1.63902
1.63902
1.63902
1.63902
1.63901
1.63901
1.63901
1.63901
1.63901
1.63901
1.63901
1.63901
1.63901
1.63901
1.63901
1.63901
1.63901
1.63901
1.63901
1.63901
1.639
1.639
1.639
1.639
1.639
1.639
1.639
1.639
1.639
1.639
1.639
1.639
1.639
1.639
1.639
1.639
1.639
1.639
1.639
1.63899
1.63899
1.63899
1.63899
1.63899
1.63899
1.63899
1.63899
1.63899
1.63899
1.63899
1.63899
1.63899
1.63899
1.63899
1.63899
1.63899
1.63899
1.63899
1.63899
1.63899
1.63899
1.63899
1.63899
1.63899
1.63899
1.63899
1.63899
1.63898
1.63898
1.63898
1.63898
1.63898
1.63898
1.63898
1.63898
1.63898
1.63898
1.63898
1.63898
1.63898
1.63898
1.63898
1.63898
1.63898
1.63898
1.63898
1.63898
1.63898
1.63898
1.63898
1.63898
1.63898
1.63898
1.63898
1.63898
1.63898
1.63898
1.63898
1.63898
1.63898
1.63898
1.63898
1.63898
1.63898
1.63898
1.63898
1.63898
1.63898
1.63898
1.63898
1.63898
1.63898
1.63898
1.63898
1.63898
1.63898
1.63898
1.63898
1.63898
1.63898
1.63898
1.63898
1.63898
1.63898
1.63898
1.63898
1.63898
1.63898
1.63898
1.63898
1.63898
1.63898
1.63898
1.63898
1.63898
1.63898
1.63898
1.63898
1.63898
1.63898
1.63898
1.63898
1.63898
1.63898
1.63898
1.63898
1.63898
1.63898
1.63898
1.63898
1.63898
1.63898
1.63898
1.63898
1.63898
1.63898
1.63898
1.63898
1.63898
1.63898
1.63898
1.63898
1.63898
1.63898
1.63898
1.63898
1.63898
1.63898
1.63898
1.63898
1.63898
1.63898
1.63898
1.63898
1.63898
************************************************************************************************************************
***             WIDEN YOUR WINDOW TO 120 CHARACTERS.  Use 'enscript -r -fCourier9' to print this document            ***
************************************************************************************************************************

---------------------------------------------- PETSc Performance Summary: ----------------------------------------------

./ex.out on a  named r01n26 with 2 processors, by mae-zhangyb Thu Jun  2 10:13:49 2022
Using Petsc Release Version 3.16.6, Mar 30, 2022 

                         Max       Max/Min     Avg       Total
Time (sec):           9.499e+02     1.000   9.499e+02
Objects:              1.500e+01     1.000   1.500e+01
Flop:                 1.008e+12     1.000   1.007e+12  2.015e+12
Flop/sec:             1.061e+09     1.000   1.060e+09  2.121e+09
MPI Messages:         4.029e+07     1.000   4.029e+07  8.058e+07
MPI Message Lengths:  3.223e+08     1.000   8.000e+00  6.446e+08
MPI Reductions:       4.029e+07     1.000

Flop counting convention: 1 flop = 1 real number operation of type (multiply/divide/add/subtract)
                            e.g., VecAXPY() for real vectors of length N --> 2N flop
                            and VecAXPY() for complex vectors of length N --> 8N flop

Summary of Stages:   ----- Time ------  ----- Flop ------  --- Messages ---  -- Message Lengths --  -- Reductions --
                        Avg     %Total     Avg     %Total    Count   %Total     Avg         %Total    Count   %Total
 0:      Main Stage: 9.4987e+02 100.0%  2.0147e+12 100.0%  8.058e+07 100.0%  8.000e+00      100.0%  4.029e+07 100.0%

------------------------------------------------------------------------------------------------------------------------
See the 'Profiling' chapter of the users' manual for details on interpreting output.
Phase summary info:
   Count: number of times phase was executed
   Time and Flop: Max - maximum over all processors
                  Ratio - ratio of maximum to minimum over all processors
   Mess: number of messages sent
   AvgLen: average message length (bytes)
   Reduct: number of global reductions
   Global: entire computation
   Stage: stages of a computation. Set stages with PetscLogStagePush() and PetscLogStagePop().
      %T - percent time in this phase         %F - percent flop in this phase
      %M - percent messages in this phase     %L - percent message lengths in this phase
      %R - percent reductions in this phase
   Total Mflop/s: 10e-6 * (sum of flop over all processors)/(max time over all processors)
------------------------------------------------------------------------------------------------------------------------
Event                Count      Time (sec)     Flop                              --- Global ---  --- Stage ----  Total
                   Max Ratio  Max     Ratio   Max  Ratio  Mess   AvgLen  Reduct  %T %F %M %L %R  %T %F %M %L %R Mflop/s
------------------------------------------------------------------------------------------------------------------------

--- Event Stage 0: Main Stage

BuildTwoSided          4 1.0 2.2511e-02 1.8 0.00e+00 0.0 2.0e+00 4.0e+00 4.0e+00  0  0  0  0  0   0  0  0  0  0     0
BuildTwoSidedF         3 1.0 8.7337e-03 3.3 0.00e+00 0.0 0.0e+00 0.0e+00 3.0e+00  0  0  0  0  0   0  0  0  0  0     0
VecView                1 1.0 8.7168e-0350.7 0.00e+00 0.0 1.0e+00 2.0e+04 0.0e+00  0  0  0  0  0   0  0  0  0  0     0
VecNorm          40288512 1.0 7.9610e+01 1.2 2.02e+11 1.0 0.0e+00 0.0e+00 4.0e+07  8 20  0  0100   8 20  0  0100  5062
VecCopy          40288513 1.0 3.0884e+01 1.1 0.00e+00 0.0 0.0e+00 0.0e+00 0.0e+00  3  0  0  0  0   3  0  0  0  0     0
VecSet                 1 1.0 1.5020e-05 2.4 0.00e+00 0.0 0.0e+00 0.0e+00 0.0e+00  0  0  0  0  0   0  0  0  0  0     0
VecAXPY          40288512 1.0 3.2421e+01 1.1 2.02e+11 1.0 0.0e+00 0.0e+00 0.0e+00  3 20  0  0  0   3 20  0  0  0 12429
VecAssemblyBegin       2 1.0 5.7840e-03 1.7 0.00e+00 0.0 0.0e+00 0.0e+00 2.0e+00  0  0  0  0  0   0  0  0  0  0     0
VecAssemblyEnd         2 1.0 9.0599e-06 2.4 0.00e+00 0.0 0.0e+00 0.0e+00 0.0e+00  0  0  0  0  0   0  0  0  0  0     0
VecScatterBegin  40288512 1.0 4.6712e+01 1.0 0.00e+00 0.0 8.1e+07 8.0e+00 1.0e+00  5  0100100  0   5  0100100  0     0
VecScatterEnd    40288512 1.0 3.4189e+01 1.1 0.00e+00 0.0 0.0e+00 0.0e+00 0.0e+00  3  0  0  0  0   3  0  0  0  0     0
MatMultAdd       40288512 1.0 8.0205e+02 1.0 6.04e+11 1.0 8.1e+07 8.0e+00 1.0e+00 84 60100100  0  84 60100100  0  1507
MatAssemblyBegin       1 1.0 1.0669e-0257.0 0.00e+00 0.0 0.0e+00 0.0e+00 1.0e+00  0  0  0  0  0   0  0  0  0  0     0
MatAssemblyEnd         1 1.0 1.7623e-02 1.2 0.00e+00 0.0 0.0e+00 0.0e+00 5.0e+00  0  0  0  0  0   0  0  0  0  0     0
SFSetGraph             1 1.0 9.5367e-07 0.0 0.00e+00 0.0 0.0e+00 0.0e+00 0.0e+00  0  0  0  0  0   0  0  0  0  0     0
SFSetUp                1 1.0 2.1561e-02 2.1 0.00e+00 0.0 4.0e+00 4.0e+00 1.0e+00  0  0  0  0  0   0  0  0  0  0     0
SFPack           40288512 1.0 5.4374e+00 1.0 0.00e+00 0.0 0.0e+00 0.0e+00 0.0e+00  1  0  0  0  0   1  0  0  0  0     0
SFUnpack         40288512 1.0 3.1200e+00 1.0 0.00e+00 0.0 0.0e+00 0.0e+00 0.0e+00  0  0  0  0  0   0  0  0  0  0     0
------------------------------------------------------------------------------------------------------------------------

Memory usage is given in bytes:

Object Type          Creations   Destructions     Memory  Descendants' Mem.
Reports information only for process 0.

--- Event Stage 0: Main Stage

              Vector     7              7       112184     0.
              Matrix     3              3       409804     0.
           Index Set     2              2         1788     0.
   Star Forest Graph     1              1         1200     0.
              Viewer     2              1          840     0.
========================================================================================================================
Average time to get PetscTime(): 0.
Average time for MPI_Barrier(): 0.000423193
Average time for zero size MPI_Send(): 1.04904e-05
#PETSc Option Table entries:
-log_view
-n 5001
#End of PETSc Option Table entries
Compiled without FORTRAN kernels
Compiled with full precision matrices (default)
sizeof(short) 2 sizeof(int) 4 sizeof(long) 8 sizeof(void*) 8 sizeof(PetscScalar) 8 sizeof(PetscInt) 4
Configure options: --with-mpi-dir=/share/intel/2018u4/compilers_and_libraries_2018.5.274/linux/mpi/intel64 --with-blaslapack-dir=/share/intel/2018u4/compilers_and_libraries_2018.5.274/linux/mkl --with-debugging=no --prefix=/work/mae-zhangyb/lib/petsc-3.16.6 --download-metis --download-mumps --download-hypre COPTFLAGS="-O3 -march=native -mtune=native" CXXOPTFLAGS="-O3 -march=native -mtune=native" FOPTFLAGS="-g -O3" --with-scalapack-include=/share/intel/2018u4/compilers_and_libraries_2018.5.274/linux/mkl/include --with-scalapack-lib="-L/share/intel/2018u4/compilers_and_libraries_2018.5.274/linux/mkl/lib/intel64/ -lmkl_blacs_intelmpi_lp64 -lmkl_scalapack_lp64"
-----------------------------------------
Libraries compiled on 2022-05-03 05:13:17 on login03 
Machine characteristics: Linux-3.10.0-862.el7.x86_64-x86_64-with-redhat-7.5-Maipo
Using PETSc directory: /work/mae-zhangyb/lib/petsc-3.16.6
Using PETSc arch: 
-----------------------------------------

Using C compiler: /share/intel/2018u4/compilers_and_libraries_2018.5.274/linux/mpi/intel64/bin/mpiicc  -fPIC -wd1572 -Wno-unknown-pragmas -O3 -march=native -mtune=native   
Using Fortran compiler: /share/intel/2018u4/compilers_and_libraries_2018.5.274/linux/mpi/intel64/bin/mpiifort  -fPIC -g -O3     
-----------------------------------------

Using include paths: -I/work/mae-zhangyb/lib/petsc-3.16.6/include -I/share/intel/2018u4/compilers_and_libraries_2018.5.274/linux/mpi/intel64/include
-----------------------------------------

Using C linker: /share/intel/2018u4/compilers_and_libraries_2018.5.274/linux/mpi/intel64/bin/mpiicc
Using Fortran linker: /share/intel/2018u4/compilers_and_libraries_2018.5.274/linux/mpi/intel64/bin/mpiifort
Using libraries: -Wl,-rpath,/work/mae-zhangyb/lib/petsc-3.16.6/lib -L/work/mae-zhangyb/lib/petsc-3.16.6/lib -lpetsc -Wl,-rpath,/work/mae-zhangyb/lib/petsc-3.16.6/lib -L/work/mae-zhangyb/lib/petsc-3.16.6/lib -L/share/intel/2018u4/compilers_and_libraries_2018.5.274/linux/mkl/lib/intel64/ -Wl,-rpath,/share/intel/2018u4/compilers_and_libraries_2018.5.274/linux/mkl/lib/intel64 -L/share/intel/2018u4/compilers_and_libraries_2018.5.274/linux/mkl/lib/intel64 -Wl,-rpath,/share/intel/2018u4/compilers_and_libraries_2018.5.274/linux/mpi/intel64/lib/debug_mt -L/share/intel/2018u4/compilers_and_libraries_2018.5.274/linux/mpi/intel64/lib/debug_mt -Wl,-rpath,/share/intel/2018u4/compilers_and_libraries_2018.5.274/linux/mpi/intel64/lib -L/share/intel/2018u4/compilers_and_libraries_2018.5.274/linux/mpi/intel64/lib -Wl,-rpath,/share/base/gcc/9.3.0/lib64 -L/share/base/gcc/9.3.0/lib64 -Wl,-rpath,/share/intel/2018u3/compilers_and_libraries_2018.3.222/linux/mkl/lib/intel64_lin -L/share/intel/2018u3/compilers_and_libraries_2018.3.222/linux/mkl/lib/intel64_lin -Wl,-rpath,/share/intel/2018u3/compilers_and_libraries_2018.3.222/linux/mpi/intel64/lib -L/share/intel/2018u3/compilers_and_libraries_2018.3.222/linux/mpi/intel64/lib -Wl,-rpath,/share/intel/2020u4/compilers_and_libraries_2020.4.304/linux/tbb/lib/intel64_lin/gcc4.8 -L/share/intel/2020u4/compilers_and_libraries_2020.4.304/linux/tbb/lib/intel64_lin/gcc4.8 -Wl,-rpath,/share/intel/2020u4/compilers_and_libraries_2020.4.304/linux/daal/lib/intel64_lin -L/share/intel/2020u4/compilers_and_libraries_2020.4.304/linux/daal/lib/intel64_lin -Wl,-rpath,/share/intel/2020u4/compilers_and_libraries_2020.4.304/linux/tbb/lib/intel64/gcc4.8 -L/share/intel/2020u4/compilers_and_libraries_2020.4.304/linux/tbb/lib/intel64/gcc4.8 -Wl,-rpath,/share/intel/2020u4/compilers_and_libraries_2020.4.304/linux/mkl/lib/intel64 -L/share/intel/2020u4/compilers_and_libraries_2020.4.304/linux/mkl/lib/intel64 -Wl,-rpath,/share/intel/2020u4/compilers_and_libraries_2020.4.304/linux/compiler/lib/intel64 -L/share/intel/2020u4/compilers_and_libraries_2020.4.304/linux/compiler/lib/intel64 -Wl,-rpath,/share/intel/2020u4/compilers_and_libraries_2020.4.304/linux/ipp/lib/intel64 -L/share/intel/2020u4/compilers_and_libraries_2020.4.304/linux/ipp/lib/intel64 -Wl,-rpath,/share/intel/2020u4/compilers_and_libraries_2020.4.304/linux/compiler/lib/intel64_lin -L/share/intel/2020u4/compilers_and_libraries_2020.4.304/linux/compiler/lib/intel64_lin -Wl,-rpath,/share/base/gcc/9.3.0/lib/gcc/x86_64-pc-linux-gnu/9.3.0 -L/share/base/gcc/9.3.0/lib/gcc/x86_64-pc-linux-gnu/9.3.0 -Wl,-rpath,/share/base/gcc/9.3.0/lib -L/share/base/gcc/9.3.0/lib -Wl,-rpath,/opt/intel/mpi-rt/2017.0.0/intel64/lib/debug_mt -Wl,-rpath,/opt/intel/mpi-rt/2017.0.0/intel64/lib -lHYPRE -lcmumps -ldmumps -lsmumps -lzmumps -lmumps_common -lpord -lmkl_blacs_intelmpi_lp64 -lmkl_scalapack_lp64 -lmkl_intel_lp64 -lmkl_core -lmkl_sequential -lpthread -lmetis -lX11 -lstdc++ -ldl -lmpifort -lmpi -lmpigi -lrt -lpthread -lifport -lifcoremt_pic -limf -lsvml -lm -lipgo -lirc -lgcc_s -lirc_s -lquadmath -lstdc++ -ldl
-----------------------------------------

